"H1"||"H"||1||0|||38|||38||0|0|0|0|0|0|97.5|100|100|95|100|100|70|78|95|40|48|75||70.1|||0.1|||3.3|||15.9|||33.6|||17.2|||16.4||||||||7|13.5|20||||0.5|1|2||||1.3|1.4|1.5|||||1.46|||4|9|14|0.11|0.16|0.2|||||19.5|||9.8|||44||0|1.5|2.9|13|19|25|0|4|7|0|0|3|".20"|".20"|0|0|0|0|0|0|0|0|0|0|0|0|2.9|5.8|9.5|2.2|4.3|7.1|1|2.4|4.4|4.5|5.3|5.5|||||||||||||||||||||||||||||||||"22426480"|"66293888"
"H2"||"H"||2||38|||130|||92||0|0|0|0|0|0|97.5|100|100|95|100|100|80|85|100|35|45|80||57|||1.3|||8.4|||15.1|||20.7|||11.5|||18||||||||10|25|40||||0|0|0||||1.4|1.5|1.6|||||1.57|||1.4|8|14|0.12|0.16|0.2|||||24.1|||15.8|||41||0|1.5|2.9|16|30|43|2|10|17|0|1|14|".24"|".24"|0|0|0|0|0|0|0|0|0|0|0|0|2.5|6.2|10|1.9|4.7|7.5|1|2.4|4.4|3.6|4.6|5.5|||||||||||||||||||||||||||||||||"22426480"|"66293889"
"H3"||"H"||3||130|||152|||22||0|0|0|0|0|0|60|100|100|50|100|100|30|85|100|15|45|80||57|||1.3|||8.4|||15.1|||20.7|||11.5|||18||||||||7|25|40||||0|0|0||||1.4|1.5|1.6|||||1.57|||1.4|8|14|0.1|0.15|0.2|||||24.1|||15.8|||41||0|1.5|2.9|13|30|43|0|10|17|0|1|14|".24"|".24"|0|0|0|0|0|0|0|0|0|0|0|0|1.8|6.2|10|1.3|4.7|7.5|1|2.4|4.4|3.6|4.6|5|||||||||||||||||||||||||||||||||"22426480"|"66293890"
"H2"||"H"||2||23|||152|||129||0|0|0|0|0|0|100|100|100|98|100|100|59|85|100|29|45|80||65|||1.5|||9.5|||17.2|||23.6|||13.2|||8.5||||||||12|26.5|40||||0|0|0||||1.3|1.4|1.5|||||1.46|||4|9|14|0.14|0.16|0.18|||||24|||15.6|||45||0|1.5|2.9|18|31|43|3|10|17|0|1|14|".17"|".17"|0|0|0|0|0|0|0|0|0|0|0|0|3|6.8|10|2.2|5.1|7.5|1|2.4|4.4|4.5|5|5.5|||||||||||||||||||||||||||||||||"22426479"|"66293887"
"H1"||"H"||1||0|||23|||23||0|0|0|0|0|0|100|100|100|98|100|100|69|90|100|39|68|90||45|||4.4|||6|||8|||13.9|||12.7|||39||||||||5|16|27||||2|3|5||||1.3|1.4|1.5|||||1.46|||4|9|14|0.14|0.17|0.2|||||28.2|||12.9|||43||0|1.5|2.9|12|21|31|0|5|10|0|0|8|".32"|".32"|0|0|0|0|0|0|0|0|0|0|0|0|5.8|10.8|18.1|4.3|8.1|13.5|1|2.4|4.4|4.5|5.3|6|||||||||||||||||||||||||||||||||"22426479"|"66293886"
"H1"||"H"||1||0|||15|||15||0|0|0|0|0|0|100|100|100|100|100|100|50|60|70|5|10|15||95.5|||0.7|||13.1|||37|||37.6|||7.1|||1.5||||||||1|3|5||||2|3|5||||1.35|1.4|1.45|||||1.46|||42|92|141|0.05|0.08|0.1||16.2|||12.8|||6|||43||0|1.5|2.9|8|10|12|0|0|0|0|0|0|".02"|".02"|0|0|0|0|0|0|0|0|0|0|0|0|5|7.6|12.6|3.5|5.6|9.4|1|2.4|4.4|3.6|4.8|6|||||||||||||||||||||||||||||||||"22426478"|"66293884"
"H2"||"H"||2||15|||152|||137||0|0|0|0|0|0|100|100|100|100|100|100|50|60|80|5|10|35||94.6|||0.7|||12.9|||36.6|||37.3|||7.1|||3.4||||||||1|2|5||||0|0|0||||1.45|1.53|1.6|||||1.6|||42|92|141|0.03|0.06|0.08||11|||6.7|||1.3|||40||0|1.5|2.9|8|9|12|0|0|0|0|0|0|".10"|".10"|0|0|0|0|0|0|0|0|0|0|0|0|0.1|0.3|1.2|0.1|0.2|0.9|1|2.4|4.4|4.5|5.5|6.5|||||||||||||||||||||||||||||||||"22426478"|"66293885"
"H1"||"H"||1||0|||56|||56||0|0|0|0|0|0|100|100|100|100|100|100|50|60|70|5|10|15||95.5|||0.7|||13.1|||37|||37.6|||7.1|||1.5||||||||1|3|5||||0.5|2|4||||1.4|1.5|1.65|||||1.57|||42|92|141|0.02|0.03|0.05||15.4|||11.8|||4.9|||40||0|1.5|2.9|8|10|12|0|0|0|0|0|0|".02"|".02"|0|0|0|0|0|0|0|0|0|0|0|0|1.4|5.4|10.3|0.8|3.9|7.7|1|2.4|4.4|3.6|5.1|5.5|||||||||||||||||||||||||||||||||"22426477"|"66293881"
"H2"||"H"||2||56|||104|||48||0|0|0|0|0|0|100|100|100|100|100|100|50|60|80|5|10|35||97|||0.7|||13.3|||37.6|||38.2|||7.2|||0||||||||0|3|5||||0|2|3||||1.5|1.6|1.7|||||1.67|||4|23|42|0.05|0.07|0.1||15.7|||12.1|||5.3|||37||0|1.5|2.9|7|10|12|0|0|0|0|0|0|".10"|".10"|0|0|0|0|0|0|0|0|0|0|0|0|0|5.4|8|0|3.9|6|1|2.4|4.4|3.6|5.1|5.5|||||||||||||||||||||||||||||||||"22426477"|"66293882"
"H3"||"H"||3||104|||152|||48||0|0|0|0|0|0|100|100|100|100|100|100|80|90|100|3|11.5|20||93.6|||0.7|||12.8|||36.3|||36.9|||6.9|||3.4||||||||0|3|5||||0|2|3||||1.4|1.5|1.65|||||1.57|||4|23|42|0.02|0.03|0.05||15.4|||11.8|||4.9|||40||0|1.5|2.9|7|10|12|0|0|0|0|0|0|".10"|".10"|0|0|0|0|0|0|0|0|0|0|0|0|0|5.4|8|0|3.9|6|1|2.4|4.4|3.6|5.1|5.5|||||||||||||||||||||||||||||||||"22426477"|"66293883"
"H1"||"H"||1||0|||25|||25||0|0|0|0|0|0|100|100|100|98|100|100|60|90|100|30|68|90||44.3|||4.3|||5.9|||7.9|||13.7|||12.5|||40.7||||||||7|15|27||||2|4|6||||1.25|1.3|1.35|||||1.36|||14|28|42|0.1|0.13|0.15|||||28|||12.7|||47||0|1.5|2.9|13|20|31|0|4|10|0|0|8|".24"|".24"|0|0|0|0|0|0|0|0|0|0|0|0|6.2|12.8|20.3|4.7|9.6|15.2|1|2.4|4.4|3.6|4.6|5.5|||||||||||||||||||||||||||||||||"22426476"|"66293878"
"H3"||"H"||3||112|||152|||40||0|0|0|0|0|0|100|100|100|98|100|100|50|78|100|5|48|95||52|||3.9|||4.5|||11.2|||19|||13.4|||33||||||||2|15|60||||0|0.5|1||||1.25|1.38|1.5|||||1.57|||4|9|14|0.1|0.16|0.22|||||19.6|||10|||45||3|4.5|5.9|9|20|61|0|4|27|0|0|31|".37"|".37"|0|0|0|0|0|0|0|0|0|0|0|0|0.3|4.9|17.2|0.2|3.7|12.9|1|2.4|4.4|3.6|4.6|5.5|||||||||||||||||||||||||||||||||"22426476"|"66293880"
"H2"||"H"||2||25|||112|||87||0|0|0|0|0|0|100|100|100|98|100|100|60|90|100|30|68|95||32|||3|||4.2|||5.6|||10|||9.2|||48||||||||12|20|40||||0|0.5|1||||1.25|1.38|1.5|||||1.57|||4|9|14|0.1|0.16|0.22|||||27.2|||11.7|||45||3|4.5|5.9|18|25|43|3|7|17|0|2|18|".43"|".43"|0|0|0|0|0|0|0|0|0|0|0|0|3|6.1|12.2|2.2|4.6|9.2|1|2.4|4.4|3.6|4.6|5.5|||||||||||||||||||||||||||||||||"22426476"|"66293879"
"H2"||"H"||2||23|||152|||129||0|0|0|0|0|0|100|100|100|98|100|100|59|85|100|29|45|80||65|||1.5|||9.5|||17.2|||23.6|||13.2|||8.5||||||||12|26.5|40||||0|0|0||||1.3|1.4|1.5|||||1.46|||4|9|14|0.14|0.16|0.18|||||24|||15.6|||45||0|1.5|2.9|18|31|43|3|10|17|0|1|14|".17"|".17"|0|0|0|0|0|0|0|0|0|0|0|0|3|6.8|10|2.2|5.1|7.5|1|2.4|4.4|4.5|5|5.5|||||||||||||||||||||||||||||||||"22426465"|"66293852"
"H1"||"H"||1||0|||23|||23||0|0|0|0|0|0|100|100|100|98|100|100|69|90|100|39|68|90||45|||4.4|||6|||8|||13.9|||12.7|||39||||||||5|16|27||||2|3|5||||1.3|1.4|1.5|||||1.46|||4|9|14|0.14|0.17|0.2|||||28.2|||12.9|||43||0|1.5|2.9|12|21|31|0|5|10|0|0|8|".32"|".32"|0|0|0|0|0|0|0|0|0|0|0|0|5.8|10.8|18.1|4.3|8.1|13.5|1|2.4|4.4|4.5|5.3|6|||||||||||||||||||||||||||||||||"22426465"|"66293851"
"H1"||"H"||1||0|||25|||25||0|0|0|0|0|0|100|100|100|98|100|100|60|90|100|30|68|90||44.3|||4.3|||5.9|||7.9|||13.7|||12.5|||40.7||||||||7|15|27||||2|4|6||||1.25|1.3|1.35|||||1.36|||14|28|42|0.1|0.13|0.15|||||28|||12.7|||47||0|1.5|2.9|13|20|31|0|4|10|0|0|8|".24"|".24"|0|0|0|0|0|0|0|0|0|0|0|0|6.2|12.8|20.3|4.7|9.6|15.2|1|2.4|4.4|3.6|4.6|5.5|||||||||||||||||||||||||||||||||"22426502"|"66293944"
"H3"||"H"||3||112|||152|||40||0|0|0|0|0|0|100|100|100|98|100|100|50|78|100|5|48|95||52|||3.9|||4.5|||11.2|||19|||13.4|||33||||||||2|15|60||||0|0.5|1||||1.25|1.38|1.5|||||1.57|||4|9|14|0.1|0.16|0.22|||||19.6|||10|||45||3|4.5|5.9|9|20|61|0|4|27|0|0|31|".37"|".37"|0|0|0|0|0|0|0|0|0|0|0|0|0.3|4.9|17.2|0.2|3.7|12.9|1|2.4|4.4|3.6|4.6|5.5|||||||||||||||||||||||||||||||||"22426502"|"66293946"
"H2"||"H"||2||25|||112|||87||0|0|0|0|0|0|100|100|100|98|100|100|60|90|100|30|68|95||32|||3|||4.2|||5.6|||10|||9.2|||48||||||||12|20|40||||0|0.5|1||||1.25|1.38|1.5|||||1.57|||4|9|14|0.1|0.16|0.22|||||27.2|||11.7|||45||3|4.5|5.9|18|25|43|3|7|17|0|2|18|".43"|".43"|0|0|0|0|0|0|0|0|0|0|0|0|3|6.1|12.2|2.2|4.6|9.2|1|2.4|4.4|3.6|4.6|5.5|||||||||||||||||||||||||||||||||"22426502"|"66293945"
"H2"||"H"||2||23|||152|||129||0|0|0|0|0|0|100|100|100|98|100|100|59|85|100|29|45|80||65|||1.5|||9.5|||17.2|||23.6|||13.2|||8.5||||||||12|26.5|40||||0|0|0||||1.3|1.4|1.5|||||1.46|||4|9|14|0.14|0.16|0.18|||||24|||15.6|||45||0|1.5|2.9|18|31|43|3|10|17|0|1|14|".17"|".17"|0|0|0|0|0|0|0|0|0|0|0|0|3|6.8|10|2.2|5.1|7.5|1|2.4|4.4|4.5|5|5.5|||||||||||||||||||||||||||||||||"22426501"|"66293943"
"H1"||"H"||1||0|||23|||23||0|0|0|0|0|0|100|100|100|98|100|100|69|90|100|39|68|90||45|||4.4|||6|||8|||13.9|||12.7|||39||||||||5|16|27||||2|3|5||||1.3|1.4|1.5|||||1.46|||4|9|14|0.14|0.17|0.2|||||28.2|||12.9|||43||0|1.5|2.9|12|21|31|0|5|10|0|0|8|".32"|".32"|0|0|0|0|0|0|0|0|0|0|0|0|5.8|10.8|18.1|4.3|8.1|13.5|1|2.4|4.4|4.5|5.3|6|||||||||||||||||||||||||||||||||"22426501"|"66293942"
"H1"||"H"||1||0|||71|||71||0|0|0|0|0|0|100|100|100|95|100|100|50|63|80|15|37|45||83.8|||1.1|||12.1|||26.5|||31.9|||12.2|||9.2||||||||1|7|10||||0.5|1.25|2||||1.5|1.6|1.7|||||1.67|||42|92|141|0.04|0.07|0.1||21.9|||16.7|||7|||37||0|1.5|2.9|8|13|16|0|0|2|0|0|0|".05"|".05"|0|0|0|0|0|0|0|0|0|0|0|0|1.4|4.6|7|0.8|3.4|5.2|1|2.4|4.4|4.5|5.3|6|||||||||||||||||||||||||||||||||"22426500"|"66293939"
"H3"||"H"||3||104|||152|||48||0|0|0|0|0|0|100|100|100|95|100|100|50|60|75|5|10|30||95.5|||0.7|||13.1|||37|||37.6|||7.1|||1.5||||||||1|3|10||||0|0|0||||1.5|1.6|1.7|||||1.67|||42|92|141|0.01|0.03|0.05||12.4|||8.1|||2.1|||38||0|1.5|2.9|8|10|16|0|0|2|0|0|0|".05"|".05"|0|0|0|0|0|0|0|0|0|0|0|0|0.1|0.6|2.5|0.1|0.5|1.9|1|2.4|4.4|4.5|5.3|6|||||||||||||||||||||||||||||||||"22426500"|"66293941"
"H2"||"H"||2||71|||104|||33||0|0|0|0|0|0|100|100|100|95|100|100|60|65|85|30|35|55||65.9|||4.3|||14.1|||17.5|||19.6|||10.4|||19.1||||||||10|15|20||||0|0|0||||1.3|1.4|1.5|||||1.46|||4|23|42|0.1|0.12|0.14|||||18.5|||8.8|||45||0|1.5|2.9|16|20|25|2|4|7|0|0|1|".24"|".24"|0|0|0|0|0|0|0|0|0|0|0|0|2.5|2.8|5|1.9|2.8|3.8|1|2.4|4.4|4.5|5.3|6|||||||||||||||||||||||||||||||||"22426500"|"66293940"
"H1"||"H"||1||0|||25|||25||0|0|0|0|0|0|100|100|100|98|100|100|60|90|100|30|68|90||44.3|||4.3|||5.9|||7.9|||13.7|||12.5|||40.7||||||||7|15|27||||2|4|6||||1.25|1.3|1.35|||||1.36|||14|28|42|0.1|0.13|0.15|||||28|||12.7|||47||0|1.5|2.9|13|20|31|0|4|10|0|0|8|".24"|".24"|0|0|0|0|0|0|0|0|0|0|0|0|6.2|12.8|20.3|4.7|9.6|15.2|1|2.4|4.4|3.6|4.6|5.5|||||||||||||||||||||||||||||||||"22426464"|"66293848"
"H3"||"H"||3||112|||152|||40||0|0|0|0|0|0|100|100|100|98|100|100|50|78|100|5|48|95||52|||3.9|||4.5|||11.2|||19|||13.4|||33||||||||2|15|60||||0|0.5|1||||1.25|1.38|1.5|||||1.57|||4|9|14|0.1|0.16|0.22|||||19.6|||10|||45||3|4.5|5.9|9|20|61|0|4|27|0|0|31|".37"|".37"|0|0|0|0|0|0|0|0|0|0|0|0|0.3|4.9|17.2|0.2|3.7|12.9|1|2.4|4.4|3.6|4.6|5.5|||||||||||||||||||||||||||||||||"22426464"|"66293850"
"H2"||"H"||2||25|||112|||87||0|0|0|0|0|0|100|100|100|98|100|100|60|90|100|30|68|95||32|||3|||4.2|||5.6|||10|||9.2|||48||||||||12|20|40||||0|0.5|1||||1.25|1.38|1.5|||||1.57|||4|9|14|0.1|0.16|0.22|||||27.2|||11.7|||45||3|4.5|5.9|18|25|43|3|7|17|0|2|18|".43"|".43"|0|0|0|0|0|0|0|0|0|0|0|0|3|6.1|12.2|2.2|4.6|9.2|1|2.4|4.4|3.6|4.6|5.5|||||||||||||||||||||||||||||||||"22426464"|"66293849"
"H1"||"H"||1||0|||38|||38||0|0|0|0|0|2|85|100|100|80|100|100|50|78|85|15|48|55||70.9|||0.1|||3.3|||16.1|||34|||17.4|||16.6||||||||7|12.5|20||||0.5|1.25|3||||1.3|1.35|1.4|||||1.41|||14|28|42|0.1|0.14|0.17|||||18.9|||9.2|||46||0|1.5|2.9|13|18|25|0|3|7|0|0|1|".17"|".17"|0|0|0|0|0|0|0|0|0|0|0|0|2.9|6.1|20.8|2.2|4.6|11.8|1|2.4|4.4|4.5|5|5.5|||||||||||||||||||||||||||||||||"22426463"|"66293847"
"H2"||"H"||3||38|||84|||46||0|0|0|0|0|3|85|100|100|80|100|100|60|85|95|30|45|60||55.5|||1.5|||9|||15.3|||19.5|||10.2|||14.5||||||||12|30|50||||0|0|0||||1.3|1.35|1.4|||||1.41|||14|28|42|0.1|0.13|0.16|||||24.9|||17|||47||0|1.5|2.9|18|34|52|3|12|22|0|2|11|".20"|".20"|0|0|0|0|0|0|0|0|0|0|0|0|3|7.5|12.5|2.2|5.6|9.4|1|2.4|4.4|4.5|5|5.5|||||||||||||||||||||||||||||||||"22426463"|"66293845"
"H3"||"H"||4||84|||152|||68||0|0|0|0|0|3|85|100|100|80|100|100|60|65|95|30|35|60||65.9|||4.3|||14.1|||17.5|||19.6|||10.4|||19.1||||||||12|15|50||||0|0|0||||1.35|1.4|1.45|||||1.6|||1.4|7|14|0.08|0.13|0.18|||||18.5|||8.8|||45||3|4.5|5.9|18|20|52|3|4|22|0|0|11|".24"|".24"|0|0|0|0|0|0|0|0|0|0|0|0|3|3.8|12.5|2.2|2.8|9.4|1|2.4|4.4|4.5|5|5.5|||||||||||||||||||||||||||||||||"22426463"|"66293846"
"H1"||"H"||1||0|||25|||25||0|0|0|0|0|0|100|100|100|98|100|100|60|90|100|30|68|90||44.3|||4.3|||5.9|||7.9|||13.7|||12.5|||40.7||||||||7|15|27||||2|4|6||||1.25|1.3|1.35|||||1.36|||14|28|42|0.1|0.13|0.15|||||28|||12.7|||47||0|1.5|2.9|13|20|31|0|4|10|0|0|8|".24"|".24"|0|0|0|0|0|0|0|0|0|0|0|0|6.2|12.8|20.3|4.7|9.6|15.2|1|2.4|4.4|3.6|4.6|5.5|||||||||||||||||||||||||||||||||"22426499"|"66293936"
"H3"||"H"||3||112|||152|||40||0|0|0|0|0|0|100|100|100|98|100|100|50|78|100|5|48|95||52|||3.9|||4.5|||11.2|||19|||13.4|||33||||||||2|15|60||||0|0.5|1||||1.25|1.38|1.5|||||1.57|||4|9|14|0.1|0.16|0.22|||||19.6|||10|||45||3|4.5|5.9|9|20|61|0|4|27|0|0|31|".37"|".37"|0|0|0|0|0|0|0|0|0|0|0|0|0.3|4.9|17.2|0.2|3.7|12.9|1|2.4|4.4|3.6|4.6|5.5|||||||||||||||||||||||||||||||||"22426499"|"66293938"
"H2"||"H"||2||25|||112|||87||0|0|0|0|0|0|100|100|100|98|100|100|60|90|100|30|68|95||32|||3|||4.2|||5.6|||10|||9.2|||48||||||||12|20|40||||0|0.5|1||||1.25|1.38|1.5|||||1.57|||4|9|14|0.1|0.16|0.22|||||27.2|||11.7|||45||3|4.5|5.9|18|25|43|3|7|17|0|2|18|".43"|".43"|0|0|0|0|0|0|0|0|0|0|0|0|3|6.1|12.2|2.2|4.6|9.2|1|2.4|4.4|3.6|4.6|5.5|||||||||||||||||||||||||||||||||"22426499"|"66293937"
"H1"||"H"||1||0|||38|||38||0|0|0|0|0|2|85|100|100|80|100|100|50|78|85|15|48|55||70.9|||0.1|||3.3|||16.1|||34|||17.4|||16.6||||||||7|12.5|20||||0.5|1.25|3||||1.3|1.35|1.4|||||1.41|||14|28|42|0.1|0.14|0.17|||||18.9|||9.2|||46||0|1.5|2.9|13|18|25|0|3|7|0|0|1|".17"|".17"|0|0|0|0|0|0|0|0|0|0|0|0|2.9|6.1|20.8|2.2|4.6|11.8|1|2.4|4.4|4.5|5|5.5|||||||||||||||||||||||||||||||||"22426498"|"66293933"
"H2"||"H"||3||38|||84|||46||0|0|0|0|0|3|85|100|100|80|100|100|60|85|95|30|45|60||55.5|||1.5|||9|||15.3|||19.5|||10.2|||14.5||||||||12|30|50||||0|0|0||||1.3|1.35|1.4|||||1.41|||14|28|42|0.1|0.13|0.16|||||24.9|||17|||47||0|1.5|2.9|18|34|52|3|12|22|0|2|11|".20"|".20"|0|0|0|0|0|0|0|0|0|0|0|0|3|7.5|12.5|2.2|5.6|9.4|1|2.4|4.4|4.5|5|5.5|||||||||||||||||||||||||||||||||"22426498"|"66293934"
"H3"||"H"||4||84|||152|||68||0|0|0|0|0|3|85|100|100|80|100|100|60|65|95|30|35|60||65.9|||4.3|||14.1|||17.5|||19.6|||10.4|||19.1||||||||12|15|50||||0|0|0||||1.35|1.4|1.45|||||1.6|||1.4|7|14|0.08|0.13|0.18|||||18.5|||8.8|||45||3|4.5|5.9|18|20|52|3|4|22|0|0|11|".24"|".24"|0|0|0|0|0|0|0|0|0|0|0|0|3|3.8|12.5|2.2|2.8|9.4|1|2.4|4.4|4.5|5|5.5|||||||||||||||||||||||||||||||||"22426498"|"66293935"
"H1"||"H"||1||0|||25|||25||0|0|0|0|0|0|100|100|100|98|100|100|60|90|100|30|68|90||44.3|||4.3|||5.9|||7.9|||13.7|||12.5|||40.7||||||||7|15|27||||2|4|6||||1.25|1.3|1.35|||||1.36|||14|28|42|0.1|0.13|0.15|||||28|||12.7|||47||0|1.5|2.9|13|20|31|0|4|10|0|0|8|".24"|".24"|0|0|0|0|0|0|0|0|0|0|0|0|6.2|12.8|20.3|4.7|9.6|15.2|1|2.4|4.4|3.6|4.6|5.5|||||||||||||||||||||||||||||||||"22426529"|"66294007"
"H3"||"H"||3||112|||152|||40||0|0|0|0|0|0|100|100|100|98|100|100|50|78|100|5|48|95||52|||3.9|||4.5|||11.2|||19|||13.4|||33||||||||2|15|60||||0|0.5|1||||1.25|1.38|1.5|||||1.57|||4|9|14|0.1|0.16|0.22|||||19.6|||10|||45||3|4.5|5.9|9|20|61|0|4|27|0|0|31|".37"|".37"|0|0|0|0|0|0|0|0|0|0|0|0|0.3|4.9|17.2|0.2|3.7|12.9|1|2.4|4.4|3.6|4.6|5.5|||||||||||||||||||||||||||||||||"22426529"|"66294009"
"H2"||"H"||2||25|||112|||87||0|0|0|0|0|0|100|100|100|98|100|100|60|90|100|30|68|95||32|||3|||4.2|||5.6|||10|||9.2|||48||||||||12|20|40||||0|0.5|1||||1.25|1.38|1.5|||||1.57|||4|9|14|0.1|0.16|0.22|||||27.2|||11.7|||45||3|4.5|5.9|18|25|43|3|7|17|0|2|18|".43"|".43"|0|0|0|0|0|0|0|0|0|0|0|0|3|6.1|12.2|2.2|4.6|9.2|1|2.4|4.4|3.6|4.6|5.5|||||||||||||||||||||||||||||||||"22426529"|"66294008"
"H1"||"H"||1||0|||56|||56||0|0|0|0|0|0|100|100|100|100|100|100|50|60|70|5|10|15||95.5|||0.7|||13.1|||37|||37.6|||7.1|||1.5||||||||1|3|5||||0.5|2|4||||1.4|1.5|1.65|||||1.57|||42|92|141|0.02|0.03|0.05||15.4|||11.8|||4.9|||40||0|1.5|2.9|8|10|12|0|0|0|0|0|0|".02"|".02"|0|0|0|0|0|0|0|0|0|0|0|0|1.4|5.4|10.3|0.8|3.9|7.7|1|2.4|4.4|3.6|5.1|5.5|||||||||||||||||||||||||||||||||"22426528"|"66294004"
"H2"||"H"||2||56|||104|||48||0|0|0|0|0|0|100|100|100|100|100|100|50|60|80|5|10|35||97|||0.7|||13.3|||37.6|||38.2|||7.2|||0||||||||0|3|5||||0|2|3||||1.5|1.6|1.7|||||1.67|||4|23|42|0.05|0.07|0.1||15.7|||12.1|||5.3|||37||0|1.5|2.9|7|10|12|0|0|0|0|0|0|".10"|".10"|0|0|0|0|0|0|0|0|0|0|0|0|0|5.4|8|0|3.9|6|1|2.4|4.4|3.6|5.1|5.5|||||||||||||||||||||||||||||||||"22426528"|"66294005"
"H3"||"H"||3||104|||152|||48||0|0|0|0|0|0|100|100|100|100|100|100|80|90|100|3|11.5|20||93.6|||0.7|||12.8|||36.3|||36.9|||6.9|||3.4||||||||0|3|5||||0|2|3||||1.4|1.5|1.65|||||1.57|||4|23|42|0.02|0.03|0.05||15.4|||11.8|||4.9|||40||0|1.5|2.9|7|10|12|0|0|0|0|0|0|".10"|".10"|0|0|0|0|0|0|0|0|0|0|0|0|0|5.4|8|0|3.9|6|1|2.4|4.4|3.6|5.1|5.5|||||||||||||||||||||||||||||||||"22426528"|"66294006"
"H2"||"H"||2||23|||152|||129||0|0|0|0|0|0|100|100|100|98|100|100|59|85|100|29|45|80||65|||1.5|||9.5|||17.2|||23.6|||13.2|||8.5||||||||12|26.5|40||||0|0|0||||1.3|1.4|1.5|||||1.46|||4|9|14|0.14|0.16|0.18|||||24|||15.6|||45||0|1.5|2.9|18|31|43|3|10|17|0|1|14|".17"|".17"|0|0|0|0|0|0|0|0|0|0|0|0|3|6.8|10|2.2|5.1|7.5|1|2.4|4.4|4.5|5|5.5|||||||||||||||||||||||||||||||||"22426527"|"66294002"
"H1"||"H"||1||0|||23|||23||0|0|0|0|0|0|100|100|100|98|100|100|69|90|100|39|68|90||45|||4.4|||6|||8|||13.9|||12.7|||39||||||||5|16|27||||2|3|5||||1.3|1.4|1.5|||||1.46|||4|9|14|0.14|0.17|0.2|||||28.2|||12.9|||43||0|1.5|2.9|12|21|31|0|5|10|0|0|8|".32"|".32"|0|0|0|0|0|0|0|0|0|0|0|0|5.8|10.8|18.1|4.3|8.1|13.5|1|2.4|4.4|4.5|5.3|6|||||||||||||||||||||||||||||||||"22426527"|"66294003"
"H1"||"H"||1||0|||15|||15||0|0|0|0|0|0|100|100|100|100|100|100|50|60|70|5|10|15||95.5|||0.7|||13.1|||37|||37.6|||7.1|||1.5||||||||1|3|5||||2|3|5||||1.35|1.4|1.45|||||1.46|||42|92|141|0.05|0.08|0.1||16.2|||12.8|||6|||43||0|1.5|2.9|8|10|12|0|0|0|0|0|0|".02"|".02"|0|0|0|0|0|0|0|0|0|0|0|0|5|7.6|12.6|3.5|5.6|9.4|1|2.4|4.4|3.6|4.8|6|||||||||||||||||||||||||||||||||"22426526"|"66294000"
"H2"||"H"||2||15|||152|||137||0|0|0|0|0|0|100|100|100|100|100|100|50|60|80|5|10|35||94.6|||0.7|||12.9|||36.6|||37.3|||7.1|||3.4||||||||1|2|5||||0|0|0||||1.45|1.53|1.6|||||1.6|||42|92|141|0.03|0.06|0.08||11|||6.7|||1.3|||40||0|1.5|2.9|8|9|12|0|0|0|0|0|0|".10"|".10"|0|0|0|0|0|0|0|0|0|0|0|0|0.1|0.3|1.2|0.1|0.2|0.9|1|2.4|4.4|4.5|5.5|6.5|||||||||||||||||||||||||||||||||"22426526"|"66294001"
"H2"||"H"||2||23|||152|||129||0|0|0|0|0|0|100|100|100|98|100|100|59|85|100|29|45|80||65|||1.5|||9.5|||17.2|||23.6|||13.2|||8.5||||||||12|26.5|40||||0|0|0||||1.3|1.4|1.5|||||1.46|||4|9|14|0.14|0.16|0.18|||||24|||15.6|||45||0|1.5|2.9|18|31|43|3|10|17|0|1|14|".17"|".17"|0|0|0|0|0|0|0|0|0|0|0|0|3|6.8|10|2.2|5.1|7.5|1|2.4|4.4|4.5|5|5.5|||||||||||||||||||||||||||||||||"22426525"|"66293999"
"H1"||"H"||1||0|||23|||23||0|0|0|0|0|0|100|100|100|98|100|100|69|90|100|39|68|90||45|||4.4|||6|||8|||13.9|||12.7|||39||||||||5|16|27||||2|3|5||||1.3|1.4|1.5|||||1.46|||4|9|14|0.14|0.17|0.2|||||28.2|||12.9|||43||0|1.5|2.9|12|21|31|0|5|10|0|0|8|".32"|".32"|0|0|0|0|0|0|0|0|0|0|0|0|5.8|10.8|18.1|4.3|8.1|13.5|1|2.4|4.4|4.5|5.3|6|||||||||||||||||||||||||||||||||"22426525"|"66293998"
"H2"||"H"||2||5|||165|||160||0|0|0|0|0|0|95|100|100|90|100|100|90|97.5|100|70|90|95||7.2|||0.2|||0.4|||0.8|||2.3|||3.5|||47.8||||||||27|45|60||||0|0|0||||1.25|1.4|1.5|||||1.74|||0.01|0.2|0.42|0.1|0.16|0.19|||||31.9|||24.3|||45||6|7.5|8.9|31|48|61|10|20|27|5|20|31|".37"|".37"|0|0|0|0|0|0|0|0|0|0|0|0|6.8|11.2|15|5.1|8.4|11.2|1|2.4|4.4|3.6|4.6|5.5|||||||||||||||||||||||||||||||||"22426524"|"66293997"
"H1"||"H"||1||0|||5|||5||0|0|0|0|0|0|95|100|100|90|100|100|76|100|100|54|95|100||29.1|||2.4|||3.4|||4.8|||9.1|||9.4|||53.4||||||||10|17.5|25||||0.5|1.25|2||||1.2|1.25|1.3|||||1.31|||4|9|14|0.1|0.14|0.17|||||26|||10.2|||50||0|1.5|2.9|16|23|30|2|6|10|0|3|9|".55"|".55"|0|0|0|0|0|0|0|0|0|0|0|0|3.6|7.3|10.8|2.7|5.5|8.1|1|2.4|4.4|3.6|4.6|5.5|||||||||||||||||||||||||||||||||"22426524"|"66293996"
"H1"||"H"||1||0|||38|||38||0|0|0|0|0|0|97.5|100|100|95|100|100|70|78|95|40|48|75||70.1|||0.1|||3.3|||15.9|||33.6|||17.2|||16.4||||||||7|13.5|20||||0.5|1|2||||1.3|1.4|1.5|||||1.46|||4|9|14|0.11|0.16|0.2|||||19.5|||9.8|||44||0|1.5|2.9|13|19|25|0|4|7|0|0|3|".20"|".20"|0|0|0|0|0|0|0|0|0|0|0|0|2.9|5.8|9.5|2.2|4.3|7.1|1|2.4|4.4|4.5|5.3|5.5|||||||||||||||||||||||||||||||||"22426475"|"66293875"
"H2"||"H"||2||38|||130|||92||0|0|0|0|0|0|97.5|100|100|95|100|100|80|85|100|35|45|80||57|||1.3|||8.4|||15.1|||20.7|||11.5|||18||||||||10|25|40||||0|0|0||||1.4|1.5|1.6|||||1.57|||1.4|8|14|0.12|0.16|0.2|||||24.1|||15.8|||41||0|1.5|2.9|16|30|43|2|10|17|0|1|14|".24"|".24"|0|0|0|0|0|0|0|0|0|0|0|0|2.5|6.2|10|1.9|4.7|7.5|1|2.4|4.4|3.6|4.6|5.5|||||||||||||||||||||||||||||||||"22426475"|"66293876"
"H3"||"H"||3||130|||152|||22||0|0|0|0|0|0|60|100|100|50|100|100|30|85|100|15|45|80||57|||1.3|||8.4|||15.1|||20.7|||11.5|||18||||||||7|25|40||||0|0|0||||1.4|1.5|1.6|||||1.57|||1.4|8|14|0.1|0.15|0.2|||||24.1|||15.8|||41||0|1.5|2.9|13|30|43|0|10|17|0|1|14|".24"|".24"|0|0|0|0|0|0|0|0|0|0|0|0|1.8|6.2|10|1.3|4.7|7.5|1|2.4|4.4|3.6|4.6|5|||||||||||||||||||||||||||||||||"22426475"|"66293877"
"H1"||"H"||1||0|||25|||25||0|0|0|0|0|0|100|100|100|100|100|100|60|78|85|30|48|55||68.8|||0.1|||3.2|||15.6|||33|||16.9|||16.2||||||||8|15|20||||0.5|1.5|3||||1.3|1.45|1.6|||||1.52|||14|28|42|0.1|0.13|0.15|||||21.2|||11.8|||42||0|1.5|2.9|14|20|25|1|4|7|0|0|1|".20"|".20"|0|0|0|0|0|0|0|0|0|0|0|0|3.1|7.1|11.8|2.3|5.3|8.8|1|2.4|4.4|3.6|4.8|6|||||||||||||||||||||||||||||||||"22426474"|"66293872"
"H2"||"H"||2||25|||132|||107||0|0|0|0|0|0|100|100|100|100|100|100|70|85|90|45|45|55||56.3|||1.3|||8.3|||14.9|||20.4|||11.4|||17.7||||||||12|26|40||||0|0|0||||1.3|1.4|1.5|||||1.46|||4|9|14|0.11|0.14|0.18|||||23.8|||15.3|||45||0|1.5|2.9|18|30|43|3|10|17|0|1|7|".24"|".24"|0|0|0|0|0|0|0|0|0|0|0|0|3|6.5|10|2.2|4.9|7.5|1|2.4|4.4|3.6|4.6|5.5|||||||||||||||||||||||||||||||||"22426474"|"66293873"
"H3"||"H"||3||132|||152|||20||0|0|0|0|0|0|90|90|100|85|85|100|42|70|90|13|38|55||68.8|||0.1|||3.2|||15.6|||33|||16.9|||16.2||||||||3|15|35||||0|0|0||||1.3|1.4|1.5|||||1.47|||4|9|14|0.11|0.14|0.17|||||17.5|||8.6|||41||0|1.5|2.9|10|20|38|0|4|14|0|0|5|".28"|".28"|0|0|0|0|0|0|0|0|0|0|0|0|0.6|3.8|8.8|0.5|2.8|6.6|1|2.4|4.4|3.6|4.6|5.5|||||||||||||||||||||||||||||||||"22426474"|"66293874"
"H1"||"H"||1||0|||15|||15|||||||||||||||||||||||||||||||||||||||||||||||||||||||||||||||||||||0|0|0|0|0|0|||||||||||||||||||0|0|0|0|0|0|||0|0|0|0|0|0|0|0|0|0|0|0|||||||1|2.4|4.4||||||||||||||||||||||||||||||||||||"22426515"|"66293977"
"H1"||"H"||1||0|||71|||71||0|0|0|0|0|0|90|100|100|80|100|100|40|60|70|4|10|15||83.8|||1.1|||12.1|||26.5|||31.9|||12.2|||9.2||||||||1|7|12||||0.5|0.75|1||||1.3|1.5|1.7|||||1.57|||42|92|141|0.05|0.08|0.1||20.8|||15.3|||5.8|||41||0|1.5|2.9|8|13|18|0|0|3|0|0|0|".10"|".10"|0|0|0|0|0|0|0|0|0|0|0|0|1.4|3.4|5.2|0.8|2.6|3.9|1|2.4|4.4|4.5|5|5.5|||||||||||||||||||||||||||||||||"22426496"|"66293930"
"H2"||"H"||2||71|||132|||61||0|0|0|0|0|0|90|100|100|80|100|100|48|85|100|24|45|95||57|||1.3|||8.4|||15.1|||20.7|||11.5|||18||||||||8|25|60||||0|0|0.25||||1.35|1.4|1.5|||||1.6|||1.4|2|4|0.1|0.13|0.16|||||23.4|||14.7|||45||3|4.5|5.9|14|30|61|1|10|27|0|0|10|".24"|".24"|0|0|0|0|0|0|0|0|0|0|0|0|2|6.2|15.6|1.5|4.7|11.7|1|2.4|4.4|4.5|5|5.5|||||||||||||||||||||||||||||||||"22426496"|"66293931"
"H3"||"H"||3||132|||152|||20||0|0|0|0|0|0|85|100|100|80|100|100|40|65|70|12|35|40||65.9|||4.3|||14.1|||17.5|||19.6|||10.4|||19.1||||||||5|15|20||||0|0|0||||1.35|1.4|1.5|||||1.6|||1.4|2|4|0.1|0.13|0.16|||||18.5|||8.8|||45||3|4.5|5.9|12|20|25|0|4|7|0|0|0|".28"|".28"|0|0|0|0|0|0|0|0|0|0|0|0|1.2|3.8|5|0.9|2.8|3.8|1|2.4|4.4|4.5|5|5.5|||||||||||||||||||||||||||||||||"22426496"|"66293932"
"H2"||"H"||2||10|||178|||168||0|0|0|0|0|0|90|100|100|80|100|100|72|95|100|56|75|95||31.9|||2.9|||3.4|||6.1|||10.8|||8.7|||31.1||||||||30|37|60||||0|0|0||||1.3|1.4|1.5|||||1.74|||0.01|0.2|0.42|0.1|0.14|0.17|||||33.9|||21.8|||45||6|7.5|8.9|34|40|61|12|16|27|7|11|31|".32"|".32"|0|0|0|0|0|0|0|0|0|0|0|0|7.5|9.2|15|5.6|6.9|11.2|1|2.4|4.4|3.6|4.6|5.5|||||||||||||||||||||||||||||||||"22426495"|"66293929"
"H1"||"H"||1||0|||10|||10||0|0|0|0|0|0|90|100|100|75|100|100|64|95|100|60|80|90||29.1|||2.4|||3.4|||4.8|||9.1|||9.4|||53.4||||||||10|17.5|25||||0.5|1.25|2||||1.2|1.25|1.3|||||1.31|||4|9|14|0.1|0.14|0.17|||||26|||10.2|||50||0|1.5|2.9|16|23|30|2|6|10|0|2|8|".55"|".55"|0|0|0|0|0|0|0|0|0|0|0|0|3.6|7.3|10.8|2.7|5.5|8.1|1|2.4|4.4|3.6|4.6|5.5|||||||||||||||||||||||||||||||||"22426495"|"66293928"
"H2"||"H"||2||23|||152|||129||0|0|0|0|0|0|100|100|100|98|100|100|59|85|100|29|45|80||65|||1.5|||9.5|||17.2|||23.6|||13.2|||8.5||||||||12|26.5|40||||0|0|0||||1.3|1.4|1.5|||||1.46|||4|9|14|0.14|0.16|0.18|||||24|||15.6|||45||0|1.5|2.9|18|31|43|3|10|17|0|1|14|".17"|".17"|0|0|0|0|0|0|0|0|0|0|0|0|3|6.8|10|2.2|5.1|7.5|1|2.4|4.4|4.5|5|5.5|||||||||||||||||||||||||||||||||"22426494"|"66293927"
"H1"||"H"||1||0|||23|||23||0|0|0|0|0|0|100|100|100|98|100|100|69|90|100|39|68|90||45|||4.4|||6|||8|||13.9|||12.7|||39||||||||5|16|27||||2|3|5||||1.3|1.4|1.5|||||1.46|||4|9|14|0.14|0.17|0.2|||||28.2|||12.9|||43||0|1.5|2.9|12|21|31|0|5|10|0|0|8|".32"|".32"|0|0|0|0|0|0|0|0|0|0|0|0|5.8|10.8|18.1|4.3|8.1|13.5|1|2.4|4.4|4.5|5.3|6|||||||||||||||||||||||||||||||||"22426494"|"66293926"
"H2"||"H"||2||10|||178|||168||0|0|0|0|0|0|90|100|100|80|100|100|72|95|100|56|75|95||31.9|||2.9|||3.4|||6.1|||10.8|||8.7|||31.1||||||||30|37|60||||0|0|0||||1.3|1.4|1.5|||||1.74|||0.01|0.2|0.42|0.1|0.14|0.17|||||33.9|||21.8|||45||6|7.5|8.9|34|40|61|12|16|27|7|11|31|".32"|".32"|0|0|0|0|0|0|0|0|0|0|0|0|7.5|9.2|15|5.6|6.9|11.2|1|2.4|4.4|3.6|4.6|5.5|||||||||||||||||||||||||||||||||"22426493"|"66293925"
"H1"||"H"||1||0|||10|||10||0|0|0|0|0|0|90|100|100|75|100|100|64|95|100|60|80|90||29.1|||2.4|||3.4|||4.8|||9.1|||9.4|||53.4||||||||10|17.5|25||||0.5|1.25|2||||1.2|1.25|1.3|||||1.31|||4|9|14|0.1|0.14|0.17|||||26|||10.2|||50||0|1.5|2.9|16|23|30|2|6|10|0|2|8|".55"|".55"|0|0|0|0|0|0|0|0|0|0|0|0|3.6|7.3|10.8|2.7|5.5|8.1|1|2.4|4.4|3.6|4.6|5.5|||||||||||||||||||||||||||||||||"22426493"|"66293924"
"H1"||"H"||1||0|||71|||71||0|0|0|0|0|0|90|100|100|80|100|100|40|60|70|4|10|15||83.8|||1.1|||12.1|||26.5|||31.9|||12.2|||9.2||||||||1|7|12||||0.5|0.75|1||||1.3|1.5|1.7|||||1.57|||42|92|141|0.05|0.08|0.1||20.8|||15.3|||5.8|||41||0|1.5|2.9|8|13|18|0|0|3|0|0|0|".10"|".10"|0|0|0|0|0|0|0|0|0|0|0|0|1.4|3.4|5.2|0.8|2.6|3.9|1|2.4|4.4|4.5|5|5.5|||||||||||||||||||||||||||||||||"22426492"|"66293921"
"H2"||"H"||2||71|||132|||61||0|0|0|0|0|0|90|100|100|80|100|100|48|85|100|24|45|95||57|||1.3|||8.4|||15.1|||20.7|||11.5|||18||||||||8|25|60||||0|0|0.25||||1.35|1.4|1.5|||||1.6|||1.4|2|4|0.1|0.13|0.16|||||23.4|||14.7|||45||3|4.5|5.9|14|30|61|1|10|27|0|0|10|".24"|".24"|0|0|0|0|0|0|0|0|0|0|0|0|2|6.2|15.6|1.5|4.7|11.7|1|2.4|4.4|4.5|5|5.5|||||||||||||||||||||||||||||||||"22426492"|"66293922"
"H3"||"H"||3||132|||152|||20||0|0|0|0|0|0|85|100|100|80|100|100|40|65|70|12|35|40||65.9|||4.3|||14.1|||17.5|||19.6|||10.4|||19.1||||||||5|15|20||||0|0|0||||1.35|1.4|1.5|||||1.6|||1.4|2|4|0.1|0.13|0.16|||||18.5|||8.8|||45||3|4.5|5.9|12|20|25|0|4|7|0|0|0|".28"|".28"|0|0|0|0|0|0|0|0|0|0|0|0|1.2|3.8|5|0.9|2.8|3.8|1|2.4|4.4|4.5|5|5.5|||||||||||||||||||||||||||||||||"22426492"|"66293923"
"H2"||"H"||2||23|||152|||129||0|0|0|0|0|0|100|100|100|98|100|100|59|85|100|29|45|80||65|||1.5|||9.5|||17.2|||23.6|||13.2|||8.5||||||||12|26.5|40||||0|0|0||||1.3|1.4|1.5|||||1.46|||4|9|14|0.14|0.16|0.18|||||24|||15.6|||45||0|1.5|2.9|18|31|43|3|10|17|0|1|14|".17"|".17"|0|0|0|0|0|0|0|0|0|0|0|0|3|6.8|10|2.2|5.1|7.5|1|2.4|4.4|4.5|5|5.5|||||||||||||||||||||||||||||||||"22426491"|"66293920"
"H1"||"H"||1||0|||23|||23||0|0|0|0|0|0|100|100|100|98|100|100|69|90|100|39|68|90||45|||4.4|||6|||8|||13.9|||12.7|||39||||||||5|16|27||||2|3|5||||1.3|1.4|1.5|||||1.46|||4|9|14|0.14|0.17|0.2|||||28.2|||12.9|||43||0|1.5|2.9|12|21|31|0|5|10|0|0|8|".32"|".32"|0|0|0|0|0|0|0|0|0|0|0|0|5.8|10.8|18.1|4.3|8.1|13.5|1|2.4|4.4|4.5|5.3|6|||||||||||||||||||||||||||||||||"22426491"|"66293919"
"H1"||"H"||1||0|||28|||28||0|0|0|0|0|0|100|100|100|100|100|100|95|97.5|100|85|90|95||16.4|||1.2|||1.8|||2.6|||5.2|||5.6|||45.6||||||||30|38|60||||5|15|25||||1.2|1.3|1.4|||||1.61|||0.42|1|1.4|0.02|0.04|0.06|||||39.9|||36.3|||42||6|7.5|8.9|34|48|61|12|20|27|9|20|31|".32"|".32"|0|0|0|0|0|0|5|15|25|2|9|16|12|45|71.3|9|33.8|53.5|1|9.2|21.4|6.1|7.3|8.4|||||||||||||||||||||||||||||||||"22426523"|"66293994"
"H2"||"H"||2||28|||152|||124||0|0|0|0|0|0|100|100|100|100|100|100|85|97.5|100|45|92.5|95||5.5|||0.2|||0.3|||0.6|||1.7|||2.7|||44.5||||||||35|50|60||||0|0|0||||1.3|1.45|1.6|||||1.8|||0.01|0.2|0.42|0.02|0.04|0.06|||||33.4|||27.3|||43||6|7.5|8.9|38|50|61|14|21|27|3|22|31|".32"|".32"|0|0|0|0|0|0|2|5|10|2|9|16|8.8|12|15|6.6|9|11.2|1|2.4|4.4|6.1|7.3|8.4|||||||||||||||||||||||||||||||||"22426523"|"66293995"
"Oa"||"O"||||0|||38|||38||0|0|0|0|0|0|100|100|100|100|100|100||||||||||||||||||||||||||||||||||||||||20|42.5|65||||0.1|0.35|0.6|||||0.37|||4|9|14|0.22|0.24|0.26|||||35.2|||14.9|||||0|1.5|2.9||||||||||||0|0|0|0|0|0|20|30|50|2|9|16|45|95.6|146.3|33.4|71.7|109.7|4.5|19.1|43.9|5|7|8.4|4.8|6.8|8||||||||||||||||||||||||||||||"22426522"|"66293993"
"H2"||"H"||4||38|||152|||114||0|0|0|0|0|0|100|100|100|100|100|100|48|97.5|100|14|90|95||10|||0.1|||0.2|||0.7|||2.9|||6.1|||55||||||||5|35|60||||0|1|2||||1.2|1.35|1.5|||||1.41|||4|9|14|0.08|0.14|0.2|||||33|||20.1|||46||0|1.5|2.9|12|38|61|0|14|27|0|13|31|".37"|".37"|0|0|0|0|0|0|20|40|50|2|9|16|1.2|11|19.5|0.9|8.2|14.6|0.1|2.2|5.8|5.1|7|8.4|||||||||||||||||||||||||||||||||"22426522"|"66293992"
"H1"||"H"||1||0|||25|||25||0|0|0|0|0|0|100|100|100|98|100|100|60|90|100|30|68|90||44.3|||4.3|||5.9|||7.9|||13.7|||12.5|||40.7||||||||7|15|27||||2|4|6||||1.25|1.3|1.35|||||1.36|||14|28|42|0.1|0.13|0.15|||||28|||12.7|||47||0|1.5|2.9|13|20|31|0|4|10|0|0|8|".24"|".24"|0|0|0|0|0|0|0|0|0|0|0|0|6.2|12.8|20.3|4.7|9.6|15.2|1|2.4|4.4|3.6|4.6|5.5|||||||||||||||||||||||||||||||||"22426490"|"66293916"
"H3"||"H"||3||112|||152|||40||0|0|0|0|0|0|100|100|100|98|100|100|50|78|100|5|48|95||52|||3.9|||4.5|||11.2|||19|||13.4|||33||||||||2|15|60||||0|0.5|1||||1.25|1.38|1.5|||||1.57|||4|9|14|0.1|0.16|0.22|||||19.6|||10|||45||3|4.5|5.9|9|20|61|0|4|27|0|0|31|".37"|".37"|0|0|0|0|0|0|0|0|0|0|0|0|0.3|4.9|17.2|0.2|3.7|12.9|1|2.4|4.4|3.6|4.6|5.5|||||||||||||||||||||||||||||||||"22426490"|"66293918"
"H2"||"H"||2||25|||112|||87||0|0|0|0|0|0|100|100|100|98|100|100|60|90|100|30|68|95||32|||3|||4.2|||5.6|||10|||9.2|||48||||||||12|20|40||||0|0.5|1||||1.25|1.38|1.5|||||1.57|||4|9|14|0.1|0.16|0.22|||||27.2|||11.7|||45||3|4.5|5.9|18|25|43|3|7|17|0|2|18|".43"|".43"|0|0|0|0|0|0|0|0|0|0|0|0|3|6.1|12.2|2.2|4.6|9.2|1|2.4|4.4|3.6|4.6|5.5|||||||||||||||||||||||||||||||||"22426490"|"66293917"
"H2"||"H"||2||23|||152|||129||0|0|0|0|0|0|100|100|100|98|100|100|59|85|100|29|45|80||65|||1.5|||9.5|||17.2|||23.6|||13.2|||8.5||||||||12|26.5|40||||0|0|0||||1.3|1.4|1.5|||||1.46|||4|9|14|0.14|0.16|0.18|||||24|||15.6|||45||0|1.5|2.9|18|31|43|3|10|17|0|1|14|".17"|".17"|0|0|0|0|0|0|0|0|0|0|0|0|3|6.8|10|2.2|5.1|7.5|1|2.4|4.4|4.5|5|5.5|||||||||||||||||||||||||||||||||"22426489"|"66293915"
"H1"||"H"||1||0|||23|||23||0|0|0|0|0|0|100|100|100|98|100|100|69|90|100|39|68|90||45|||4.4|||6|||8|||13.9|||12.7|||39||||||||5|16|27||||2|3|5||||1.3|1.4|1.5|||||1.46|||4|9|14|0.14|0.17|0.2|||||28.2|||12.9|||43||0|1.5|2.9|12|21|31|0|5|10|0|0|8|".32"|".32"|0|0|0|0|0|0|0|0|0|0|0|0|5.8|10.8|18.1|4.3|8.1|13.5|1|2.4|4.4|4.5|5.3|6|||||||||||||||||||||||||||||||||"22426489"|"66293914"
"H1"||"H"||1||0|||71|||71||0|0|0|0|0|0|90|100|100|80|100|100|40|60|70|4|10|15||83.8|||1.1|||12.1|||26.5|||31.9|||12.2|||9.2||||||||1|7|12||||0.5|0.75|1||||1.3|1.5|1.7|||||1.57|||42|92|141|0.05|0.08|0.1||20.8|||15.3|||5.8|||41||0|1.5|2.9|8|13|18|0|0|3|0|0|0|".10"|".10"|0|0|0|0|0|0|0|0|0|0|0|0|1.4|3.4|5.2|0.8|2.6|3.9|1|2.4|4.4|4.5|5|5.5|||||||||||||||||||||||||||||||||"22426488"|"66293911"
"H2"||"H"||2||71|||132|||61||0|0|0|0|0|0|90|100|100|80|100|100|48|85|100|24|45|95||57|||1.3|||8.4|||15.1|||20.7|||11.5|||18||||||||8|25|60||||0|0|0.25||||1.35|1.4|1.5|||||1.6|||1.4|2|4|0.1|0.13|0.16|||||23.4|||14.7|||45||3|4.5|5.9|14|30|61|1|10|27|0|0|10|".24"|".24"|0|0|0|0|0|0|0|0|0|0|0|0|2|6.2|15.6|1.5|4.7|11.7|1|2.4|4.4|4.5|5|5.5|||||||||||||||||||||||||||||||||"22426488"|"66293912"
"H3"||"H"||3||132|||152|||20||0|0|0|0|0|0|85|100|100|80|100|100|40|65|70|12|35|40||65.9|||4.3|||14.1|||17.5|||19.6|||10.4|||19.1||||||||5|15|20||||0|0|0||||1.35|1.4|1.5|||||1.6|||1.4|2|4|0.1|0.13|0.16|||||18.5|||8.8|||45||3|4.5|5.9|12|20|25|0|4|7|0|0|0|".28"|".28"|0|0|0|0|0|0|0|0|0|0|0|0|1.2|3.8|5|0.9|2.8|3.8|1|2.4|4.4|4.5|5|5.5|||||||||||||||||||||||||||||||||"22426488"|"66293913"
"H1"||"H"||1||0|||25|||25||0|0|0|0|0|0|100|100|100|98|100|100|60|90|100|30|68|90||44.3|||4.3|||5.9|||7.9|||13.7|||12.5|||40.7||||||||7|15|27||||2|4|6||||1.25|1.3|1.35|||||1.36|||14|28|42|0.1|0.13|0.15|||||28|||12.7|||47||0|1.5|2.9|13|20|31|0|4|10|0|0|8|".24"|".24"|0|0|0|0|0|0|0|0|0|0|0|0|6.2|12.8|20.3|4.7|9.6|15.2|1|2.4|4.4|3.6|4.6|5.5|||||||||||||||||||||||||||||||||"22426487"|"66293908"
"H3"||"H"||3||112|||152|||40||0|0|0|0|0|0|100|100|100|98|100|100|50|78|100|5|48|95||52|||3.9|||4.5|||11.2|||19|||13.4|||33||||||||2|15|60||||0|0.5|1||||1.25|1.38|1.5|||||1.57|||4|9|14|0.1|0.16|0.22|||||19.6|||10|||45||3|4.5|5.9|9|20|61|0|4|27|0|0|31|".37"|".37"|0|0|0|0|0|0|0|0|0|0|0|0|0.3|4.9|17.2|0.2|3.7|12.9|1|2.4|4.4|3.6|4.6|5.5|||||||||||||||||||||||||||||||||"22426487"|"66293910"
"H2"||"H"||2||25|||112|||87||0|0|0|0|0|0|100|100|100|98|100|100|60|90|100|30|68|95||32|||3|||4.2|||5.6|||10|||9.2|||48||||||||12|20|40||||0|0.5|1||||1.25|1.38|1.5|||||1.57|||4|9|14|0.1|0.16|0.22|||||27.2|||11.7|||45||3|4.5|5.9|18|25|43|3|7|17|0|2|18|".43"|".43"|0|0|0|0|0|0|0|0|0|0|0|0|3|6.1|12.2|2.2|4.6|9.2|1|2.4|4.4|3.6|4.6|5.5|||||||||||||||||||||||||||||||||"22426487"|"66293909"
"H1"||"H"||1||0|||71|||71||0|0|0|0|0|0|90|100|100|80|100|100|40|60|70|4|10|15||83.8|||1.1|||12.1|||26.5|||31.9|||12.2|||9.2||||||||1|7|12||||0.5|0.75|1||||1.3|1.5|1.7|||||1.57|||42|92|141|0.05|0.08|0.1||20.8|||15.3|||5.8|||41||0|1.5|2.9|8|13|18|0|0|3|0|0|0|".10"|".10"|0|0|0|0|0|0|0|0|0|0|0|0|1.4|3.4|5.2|0.8|2.6|3.9|1|2.4|4.4|4.5|5|5.5|||||||||||||||||||||||||||||||||"22426486"|"66293905"
"H2"||"H"||2||71|||132|||61||0|0|0|0|0|0|90|100|100|80|100|100|48|85|100|24|45|95||57|||1.3|||8.4|||15.1|||20.7|||11.5|||18||||||||8|25|60||||0|0|0.25||||1.35|1.4|1.5|||||1.6|||1.4|2|4|0.1|0.13|0.16|||||23.4|||14.7|||45||3|4.5|5.9|14|30|61|1|10|27|0|0|10|".24"|".24"|0|0|0|0|0|0|0|0|0|0|0|0|2|6.2|15.6|1.5|4.7|11.7|1|2.4|4.4|4.5|5|5.5|||||||||||||||||||||||||||||||||"22426486"|"66293906"
"H3"||"H"||3||132|||152|||20||0|0|0|0|0|0|85|100|100|80|100|100|40|65|70|12|35|40||65.9|||4.3|||14.1|||17.5|||19.6|||10.4|||19.1||||||||5|15|20||||0|0|0||||1.35|1.4|1.5|||||1.6|||1.4|2|4|0.1|0.13|0.16|||||18.5|||8.8|||45||3|4.5|5.9|12|20|25|0|4|7|0|0|0|".28"|".28"|0|0|0|0|0|0|0|0|0|0|0|0|1.2|3.8|5|0.9|2.8|3.8|1|2.4|4.4|4.5|5|5.5|||||||||||||||||||||||||||||||||"22426486"|"66293907"
"H2"||"H"||2||23|||152|||129||0|0|0|0|0|0|100|100|100|98|100|100|59|85|100|29|45|80||65|||1.5|||9.5|||17.2|||23.6|||13.2|||8.5||||||||12|26.5|40||||0|0|0||||1.3|1.4|1.5|||||1.46|||4|9|14|0.14|0.16|0.18|||||24|||15.6|||45||0|1.5|2.9|18|31|43|3|10|17|0|1|14|".17"|".17"|0|0|0|0|0|0|0|0|0|0|0|0|3|6.8|10|2.2|5.1|7.5|1|2.4|4.4|4.5|5|5.5|||||||||||||||||||||||||||||||||"22426485"|"66293904"
"H1"||"H"||1||0|||23|||23||0|0|0|0|0|0|100|100|100|98|100|100|69|90|100|39|68|90||45|||4.4|||6|||8|||13.9|||12.7|||39||||||||5|16|27||||2|3|5||||1.3|1.4|1.5|||||1.46|||4|9|14|0.14|0.17|0.2|||||28.2|||12.9|||43||0|1.5|2.9|12|21|31|0|5|10|0|0|8|".32"|".32"|0|0|0|0|0|0|0|0|0|0|0|0|5.8|10.8|18.1|4.3|8.1|13.5|1|2.4|4.4|4.5|5.3|6|||||||||||||||||||||||||||||||||"22426485"|"66293903"
"H1"||"H"||1||0|||71|||71||0|0|0|0|0|0|90|100|100|80|100|100|40|60|70|4|10|15||83.8|||1.1|||12.1|||26.5|||31.9|||12.2|||9.2||||||||1|7|12||||0.5|0.75|1||||1.3|1.5|1.7|||||1.57|||42|92|141|0.05|0.08|0.1||20.8|||15.3|||5.8|||41||0|1.5|2.9|8|13|18|0|0|3|0|0|0|".10"|".10"|0|0|0|0|0|0|0|0|0|0|0|0|1.4|3.4|5.2|0.8|2.6|3.9|1|2.4|4.4|4.5|5|5.5|||||||||||||||||||||||||||||||||"22426473"|"66293869"
"H2"||"H"||2||71|||132|||61||0|0|0|0|0|0|90|100|100|80|100|100|48|85|100|24|45|95||57|||1.3|||8.4|||15.1|||20.7|||11.5|||18||||||||8|25|60||||0|0|0.25||||1.35|1.4|1.5|||||1.6|||1.4|2|4|0.1|0.13|0.16|||||23.4|||14.7|||45||3|4.5|5.9|14|30|61|1|10|27|0|0|10|".24"|".24"|0|0|0|0|0|0|0|0|0|0|0|0|2|6.2|15.6|1.5|4.7|11.7|1|2.4|4.4|4.5|5|5.5|||||||||||||||||||||||||||||||||"22426473"|"66293870"
"H3"||"H"||3||132|||152|||20||0|0|0|0|0|0|85|100|100|80|100|100|40|65|70|12|35|40||65.9|||4.3|||14.1|||17.5|||19.6|||10.4|||19.1||||||||5|15|20||||0|0|0||||1.35|1.4|1.5|||||1.6|||1.4|2|4|0.1|0.13|0.16|||||18.5|||8.8|||45||3|4.5|5.9|12|20|25|0|4|7|0|0|0|".28"|".28"|0|0|0|0|0|0|0|0|0|0|0|0|1.2|3.8|5|0.9|2.8|3.8|1|2.4|4.4|4.5|5|5.5|||||||||||||||||||||||||||||||||"22426473"|"66293871"
"H1"||"H"||1||0|||25|||25||0|0|0|0|0|0|100|100|100|98|100|100|60|90|100|30|68|90||44.3|||4.3|||5.9|||7.9|||13.7|||12.5|||40.7||||||||7|15|27||||2|4|6||||1.25|1.3|1.35|||||1.36|||14|28|42|0.1|0.13|0.15|||||28|||12.7|||47||0|1.5|2.9|13|20|31|0|4|10|0|0|8|".24"|".24"|0|0|0|0|0|0|0|0|0|0|0|0|6.2|12.8|20.3|4.7|9.6|15.2|1|2.4|4.4|3.6|4.6|5.5|||||||||||||||||||||||||||||||||"22426472"|"66293866"
"H3"||"H"||3||112|||152|||40||0|0|0|0|0|0|100|100|100|98|100|100|50|78|100|5|48|95||52|||3.9|||4.5|||11.2|||19|||13.4|||33||||||||2|15|60||||0|0.5|1||||1.25|1.38|1.5|||||1.57|||4|9|14|0.1|0.16|0.22|||||19.6|||10|||45||3|4.5|5.9|9|20|61|0|4|27|0|0|31|".37"|".37"|0|0|0|0|0|0|0|0|0|0|0|0|0.3|4.9|17.2|0.2|3.7|12.9|1|2.4|4.4|3.6|4.6|5.5|||||||||||||||||||||||||||||||||"22426472"|"66293868"
"H2"||"H"||2||25|||112|||87||0|0|0|0|0|0|100|100|100|98|100|100|60|90|100|30|68|95||32|||3|||4.2|||5.6|||10|||9.2|||48||||||||12|20|40||||0|0.5|1||||1.25|1.38|1.5|||||1.57|||4|9|14|0.1|0.16|0.22|||||27.2|||11.7|||45||3|4.5|5.9|18|25|43|3|7|17|0|2|18|".43"|".43"|0|0|0|0|0|0|0|0|0|0|0|0|3|6.1|12.2|2.2|4.6|9.2|1|2.4|4.4|3.6|4.6|5.5|||||||||||||||||||||||||||||||||"22426472"|"66293867"
"H2"||"H"||2||23|||152|||129||0|0|0|0|0|0|100|100|100|98|100|100|59|85|100|29|45|80||65|||1.5|||9.5|||17.2|||23.6|||13.2|||8.5||||||||12|26.5|40||||0|0|0||||1.3|1.4|1.5|||||1.46|||4|9|14|0.14|0.16|0.18|||||24|||15.6|||45||0|1.5|2.9|18|31|43|3|10|17|0|1|14|".17"|".17"|0|0|0|0|0|0|0|0|0|0|0|0|3|6.8|10|2.2|5.1|7.5|1|2.4|4.4|4.5|5|5.5|||||||||||||||||||||||||||||||||"22426471"|"66293865"
"H1"||"H"||1||0|||23|||23||0|0|0|0|0|0|100|100|100|98|100|100|69|90|100|39|68|90||45|||4.4|||6|||8|||13.9|||12.7|||39||||||||5|16|27||||2|3|5||||1.3|1.4|1.5|||||1.46|||4|9|14|0.14|0.17|0.2|||||28.2|||12.9|||43||0|1.5|2.9|12|21|31|0|5|10|0|0|8|".32"|".32"|0|0|0|0|0|0|0|0|0|0|0|0|5.8|10.8|18.1|4.3|8.1|13.5|1|2.4|4.4|4.5|5.3|6|||||||||||||||||||||||||||||||||"22426471"|"66293864"
"H2"||"H"||2||23|||152|||129||0|0|0|0|0|0|100|100|100|98|100|100|59|85|100|29|45|80||65|||1.5|||9.5|||17.2|||23.6|||13.2|||8.5||||||||12|26.5|40||||0|0|0||||1.3|1.4|1.5|||||1.46|||4|9|14|0.14|0.16|0.18|||||24|||15.6|||45||0|1.5|2.9|18|31|43|3|10|17|0|1|14|".17"|".17"|0|0|0|0|0|0|0|0|0|0|0|0|3|6.8|10|2.2|5.1|7.5|1|2.4|4.4|4.5|5|5.5|||||||||||||||||||||||||||||||||"22426514"|"66293976"
"H1"||"H"||1||0|||23|||23||0|0|0|0|0|0|100|100|100|98|100|100|69|90|100|39|68|90||45|||4.4|||6|||8|||13.9|||12.7|||39||||||||5|16|27||||2|3|5||||1.3|1.4|1.5|||||1.46|||4|9|14|0.14|0.17|0.2|||||28.2|||12.9|||43||0|1.5|2.9|12|21|31|0|5|10|0|0|8|".32"|".32"|0|0|0|0|0|0|0|0|0|0|0|0|5.8|10.8|18.1|4.3|8.1|13.5|1|2.4|4.4|4.5|5.3|6|||||||||||||||||||||||||||||||||"22426514"|"66293975"
"H1"||"H"||1||0|||25|||25||0|0|0|0|0|0|100|100|100|98|100|100|60|90|100|30|68|90||44.3|||4.3|||5.9|||7.9|||13.7|||12.5|||40.7||||||||7|15|27||||2|4|6||||1.25|1.3|1.35|||||1.36|||14|28|42|0.1|0.13|0.15|||||28|||12.7|||47||0|1.5|2.9|13|20|31|0|4|10|0|0|8|".24"|".24"|0|0|0|0|0|0|0|0|0|0|0|0|6.2|12.8|20.3|4.7|9.6|15.2|1|2.4|4.4|3.6|4.6|5.5|||||||||||||||||||||||||||||||||"22426513"|"66293972"
"H3"||"H"||3||112|||152|||40||0|0|0|0|0|0|100|100|100|98|100|100|50|78|100|5|48|95||52|||3.9|||4.5|||11.2|||19|||13.4|||33||||||||2|15|60||||0|0.5|1||||1.25|1.38|1.5|||||1.57|||4|9|14|0.1|0.16|0.22|||||19.6|||10|||45||3|4.5|5.9|9|20|61|0|4|27|0|0|31|".37"|".37"|0|0|0|0|0|0|0|0|0|0|0|0|0.3|4.9|17.2|0.2|3.7|12.9|1|2.4|4.4|3.6|4.6|5.5|||||||||||||||||||||||||||||||||"22426513"|"66293974"
"H2"||"H"||2||25|||112|||87||0|0|0|0|0|0|100|100|100|98|100|100|60|90|100|30|68|95||32|||3|||4.2|||5.6|||10|||9.2|||48||||||||12|20|40||||0|0.5|1||||1.25|1.38|1.5|||||1.57|||4|9|14|0.1|0.16|0.22|||||27.2|||11.7|||45||3|4.5|5.9|18|25|43|3|7|17|0|2|18|".43"|".43"|0|0|0|0|0|0|0|0|0|0|0|0|3|6.1|12.2|2.2|4.6|9.2|1|2.4|4.4|3.6|4.6|5.5|||||||||||||||||||||||||||||||||"22426513"|"66293973"
"H3"||"H"||3||64|||152|||88||0|0|0|0|0|2|95|100|100|90|100|100|72|85|100|32|45|80||53.9|||1.2|||7.9|||14.3|||19.6|||10.9|||17.1||||||||18|29|40||||0|0|0||||1.35|1.48|1.6|||||1.69|||0.01|2|4|0.12|0.15|0.18|||||25.6|||18|||42||3|4.5|5.9|23|33|43|6|12|17|0|2|14|".24"|".24"|0|0|0|0|0|0|0|0|0|0|0|0|4.5|7.2|10|3.4|5.4|7.5|1|2.4|4.4|3.6|4.6|5.5|||||||||||||||||||||||||||||||||"22426512"|"66293970"
"H1"||"H"||1||0|||33|||33||0|0|0|0|0|3|95|100|100|90|100|100|70|78|85|28|48|55||70.5|||0.1|||3.3|||16|||33.8|||17.3|||16.5||||||||5|13|20||||0.5|1.25|2||||1.3|1.38|1.45|||||1.44|||14|28|42|0.1|0.12|0.14|||||19.3|||9.7|||45||0|1.5|2.9|12|19|25|0|4|7|0|0|1|".28"|".28"|0|0|0|0|0|0|0|0|0|0|0|0|2.4|6.1|9.5|1.8|4.6|7.1|1|2.4|4.4|3.6|4.6|5.5|||||||||||||||||||||||||||||||||"22426512"|"66293971"
"H2"||"H"||2||33|||64|||31||0|0|0|0|0|2|95|100|100|90|100|100|54|90|100|27|53|80||58.7|||3.7|||5.5|||14.1|||21.9|||13.5|||17.8||||||||12|23.5|35||||0|0|0||||1.3|1.38|1.45|||||1.44|||4|9|14|0.1|0.14|0.18|||||22.6|||13.6|||46||0|1.5|2.9|18|28|38|3|9|14|0|2|11|".28"|".28"|0|0|0|0|0|0|0|0|0|0|0|0|3|6|8.8|2.2|4.5|6.6|1|2.4|4.4|3.6|4.6|5.5|||||||||||||||||||||||||||||||||"22426512"|"66293969"
"B1"||"B"||1||30|||132|||102||0|0|0|0|0|0|98|100|100|94|100|100|77|88|98|46|56|66|22|50|80||2.3|||8.1|||5.6|||25.7|||8.3||0|25|60|||||||18|25|35||||0|0.5|1||||1.3|1.4|1.5||||1.37|1.47|1.52||1.4|8|14|0.12|0.16|0.2||||19.5|23.8|27.9|10.2|15.3|21.8|40|44|48|1.1|1.6|2.8|28|35|45|12|17|25|2|6|14|".24"|".24"|0|0|0|0|0|0|0|0|0|0|0|0||||5.3|8.3|18.1|2|2.8|6.2|4|4.7|5.5||||||||||5.9|11.1|22.6|||||||||||||||||||||"22426517"|"66293982"
"C2"||"C"||2||132|||203|||71||0|0|0|0|0|0|85|96|96|62|91|91|39|71|91|17|39|63|25|62.6|90||3.8|||13.7|||17.3|||18.6|||9.2||0|19.4|73|||||||2|18|45||||0|0.25|0.5||||1.35|1.45|1.55||||1.41|1.51|1.61||1.4|14|42|0.05|0.14|0.2||||5.7|19.7|29.6|0.9|10.7|26.6|29|41|44|0.1|1.2|3.4|0|28|53|0|12|32|0|1|17|".24"|".24"|0|0|0|0|0|0|0|0|0|0|0|0||||0.5|6.2|24.1|0.8|1.9|6|4|4.2|5.5||||||||||0|8.7|28.4|||||||||||||||||||||"22426517"|"66293983"
"A"||"A"||||0|||30|||30||0|0|0|0|0|0|98|100|100|95|100|100|72|88|96|49|64|71|10|43|85||0.3|||4.6|||11.8|||18.6|||7.7||0|39.5|85|||||||5|17.5|25||||0.5|2.25|4||||1.3|1.45|1.6||||1.34|1.49|1.64||4|9|14|0.16|0.2|0.24||||17.5|28.4|32.8|3.5|13.2|19.7|35|41|47|0.3|1|1.6|17|32|42|2|11|17|0|5|11|".28"|".28"|0|0|0|0|0|0|0|0|0|0|0|0||||1|4.6|8.3|0.6|2.2|7|4.5|4.7|6||||||||||0.7|9.4|16.3|||||||||||||||||||||"22426517"|"66293981"
"Ap"||"A"|||0|0|0|13|20|30|13|20|30|0|0|0|0|0|1|96|100|100|93|100|100|82|93|98|36|44|49|15|65.4|90||0.1|||3|||14.8|||31.4|||16.1||0|19.6|65|||||||10|15|20|0|0|0|0.5|1.25|2||||1.25|1.38|1.5||||1.27|1.4|1.52||14|28|42|0.12|0.15|0.22||||15.8|20.4|23.5|6.6|10.9|14.9|39|45|49|0.2|0.6|1|21|28|34|6|9|13|0|0|3|".24"|".24"|0|0|0|0|0|0|0|0|0|0|0|0||||0.4|2|3.7|0.5|0.9|2.4|4|4.6|6||||||||||0.7|5.5|9.4|||||||||||||||||||||"22426516"|"66293978"
"Bt"||"B"|||13|20|30|127|130|147||110||0|0|0|0|0|1|97|100|100|93|100|100|76|85|98|37|43|56|20|65|80||4.4|||6.2|||15.6|||24|||14.8||0|13|51.5|||||||18|22|35|0|0|0|0|0.25|0.5||||1.4|1.5|1.6||||1.44|1.54|1.64||4|9|14|0.12|0.15|0.18||||19.8|23|28.4|10.8|14.2|22.7|36|41|45|0.7|0.9|1.7|27|32|44|12|15|24|0|2|10|".24"|".24"|0|0|0|0|0|0|0|0|0|0|0|0|3.4|4.3|7||||0.5|3.2|5.6|4|5.8|6||||||||||1.9|3.1|9.3|||||||||||||||||||||"22426516"|"66293979"
"C"||"C"|||127|130|147|152|178|183||48||0|0|0|0|0|2|93|100|100|80|100|100|53|76|100|21|36|71|10|70|88||4.6|||15|||18.6|||20.8|||11||0|15|76.5|||||||5|15|50|0|0|0|0|0.25|0.5||||1.35|1.48|1.6||||1.38|1.51|1.63||0.42|2|4|0.12|0.15|0.18||||10|19.3|33|2.7|9.7|31.7|32|42|46|0.1|0.6|2|16|25|57|2|9|36|0|0|24|".24"|".24"|0|0|0|0|0|0|0|0|0|0|0|0||||0.2|1.9|7.6|0.4|1|1.2|4|4.6|5.5||||||||||0|4|14.1|||||||||||||||||||||"22426516"|"66293980"
"H3"||"H"||3||64|||152|||88||0|0|0|0|0|2|95|100|100|90|100|100|72|85|100|32|45|80||53.9|||1.2|||7.9|||14.3|||19.6|||10.9|||17.1||||||||18|29|40||||0|0|0||||1.35|1.48|1.6|||||1.69|||0.01|2|4|0.12|0.15|0.18|||||25.6|||18|||42||3|4.5|5.9|23|33|43|6|12|17|0|2|14|".24"|".24"|0|0|0|0|0|0|0|0|0|0|0|0|4.5|7.2|10|3.4|5.4|7.5|1|2.4|4.4|3.6|4.6|5.5|||||||||||||||||||||||||||||||||"22426511"|"66293968"
"H1"||"H"||1||0|||33|||33||0|0|0|0|0|3|95|100|100|90|100|100|70|78|85|28|48|55||70.5|||0.1|||3.3|||16|||33.8|||17.3|||16.5||||||||5|13|20||||0.5|1.25|2||||1.3|1.38|1.45|||||1.44|||14|28|42|0.1|0.12|0.14|||||19.3|||9.7|||45||0|1.5|2.9|12|19|25|0|4|7|0|0|1|".28"|".28"|0|0|0|0|0|0|0|0|0|0|0|0|2.4|6.1|9.5|1.8|4.6|7.1|1|2.4|4.4|3.6|4.6|5.5|||||||||||||||||||||||||||||||||"22426511"|"66293966"
"H2"||"H"||2||33|||64|||31||0|0|0|0|0|2|95|100|100|90|100|100|54|90|100|27|53|80||58.7|||3.7|||5.5|||14.1|||21.9|||13.5|||17.8||||||||12|23.5|35||||0|0|0||||1.3|1.38|1.45|||||1.44|||4|9|14|0.1|0.14|0.18|||||22.6|||13.6|||46||0|1.5|2.9|18|28|38|3|9|14|0|2|11|".28"|".28"|0|0|0|0|0|0|0|0|0|0|0|0|3|6|8.8|2.2|4.5|6.6|1|2.4|4.4|3.6|4.6|5.5|||||||||||||||||||||||||||||||||"22426511"|"66293967"
"H1"||"H"||1||0|||25|||25||0|0|0|0|0|0|100|100|100|98|100|100|60|90|100|30|68|90||44.3|||4.3|||5.9|||7.9|||13.7|||12.5|||40.7||||||||7|15|27||||2|4|6||||1.25|1.3|1.35|||||1.36|||14|28|42|0.1|0.13|0.15|||||28|||12.7|||47||0|1.5|2.9|13|20|31|0|4|10|0|0|8|".24"|".24"|0|0|0|0|0|0|0|0|0|0|0|0|6.2|12.8|20.3|4.7|9.6|15.2|1|2.4|4.4|3.6|4.6|5.5|||||||||||||||||||||||||||||||||"22426510"|"66293963"
"H3"||"H"||3||112|||152|||40||0|0|0|0|0|0|100|100|100|98|100|100|50|78|100|5|48|95||52|||3.9|||4.5|||11.2|||19|||13.4|||33||||||||2|15|60||||0|0.5|1||||1.25|1.38|1.5|||||1.57|||4|9|14|0.1|0.16|0.22|||||19.6|||10|||45||3|4.5|5.9|9|20|61|0|4|27|0|0|31|".37"|".37"|0|0|0|0|0|0|0|0|0|0|0|0|0.3|4.9|17.2|0.2|3.7|12.9|1|2.4|4.4|3.6|4.6|5.5|||||||||||||||||||||||||||||||||"22426510"|"66293965"
"H2"||"H"||2||25|||112|||87||0|0|0|0|0|0|100|100|100|98|100|100|60|90|100|30|68|95||32|||3|||4.2|||5.6|||10|||9.2|||48||||||||12|20|40||||0|0.5|1||||1.25|1.38|1.5|||||1.57|||4|9|14|0.1|0.16|0.22|||||27.2|||11.7|||45||3|4.5|5.9|18|25|43|3|7|17|0|2|18|".43"|".43"|0|0|0|0|0|0|0|0|0|0|0|0|3|6.1|12.2|2.2|4.6|9.2|1|2.4|4.4|3.6|4.6|5.5|||||||||||||||||||||||||||||||||"22426510"|"66293964"
"H2"||"H"||2||23|||152|||129||0|0|0|0|0|0|100|100|100|98|100|100|59|85|100|29|45|80||65|||1.5|||9.5|||17.2|||23.6|||13.2|||8.5||||||||12|26.5|40||||0|0|0||||1.3|1.4|1.5|||||1.46|||4|9|14|0.14|0.16|0.18|||||24|||15.6|||45||0|1.5|2.9|18|31|43|3|10|17|0|1|14|".17"|".17"|0|0|0|0|0|0|0|0|0|0|0|0|3|6.8|10|2.2|5.1|7.5|1|2.4|4.4|4.5|5|5.5|||||||||||||||||||||||||||||||||"22426509"|"66293962"
"H1"||"H"||1||0|||23|||23||0|0|0|0|0|0|100|100|100|98|100|100|69|90|100|39|68|90||45|||4.4|||6|||8|||13.9|||12.7|||39||||||||5|16|27||||2|3|5||||1.3|1.4|1.5|||||1.46|||4|9|14|0.14|0.17|0.2|||||28.2|||12.9|||43||0|1.5|2.9|12|21|31|0|5|10|0|0|8|".32"|".32"|0|0|0|0|0|0|0|0|0|0|0|0|5.8|10.8|18.1|4.3|8.1|13.5|1|2.4|4.4|4.5|5.3|6|||||||||||||||||||||||||||||||||"22426509"|"66293961"
"H1"||"H"||1||0|||10|||10||0|0|0|0|0|3|95|100|100|90|100|100|57|65|70|28|35|40||65.9|||4.3|||14.1|||17.5|||19.6|||10.4|||19.1||||||||8|15|20||||0.5|1.25|2||||1.3|1.38|1.45|||||1.44|||14|28|42|0.1|0.13|0.17|||||19.9|||10.3|||45||0|1.5|2.9|14|20|25|1|4|7|0|0|0|".24"|".24"|0|0|0|0|0|0|0|0|0|0|0|0|3.1|6.6|9.5|2.3|4.9|7.1|1|2.4|4.4|3.6|4.6|5.5|||||||||||||||||||||||||||||||||"22426539"|"66294031"
"H2"||"H"||2||10|||64|||54||0|0|0|0|0|2|95|100|100|90|100|100|54|90|100|27|53|80||58.7|||3.7|||5.5|||14.1|||21.9|||13.5|||17.8||||||||12|23.5|35||||0|0|0||||1.3|1.38|1.45|||||1.44|||4|9|14|0.1|0.14|0.18|||||22.6|||13.6|||46||0|1.5|2.9|18|28|38|3|9|14|0|2|11|".24"|".24"|0|0|0|0|0|0|0|0|0|0|0|0|3|6|8.8|2.2|4.5|6.6|1|2.4|4.4|3.6|4.6|5.5|||||||||||||||||||||||||||||||||"22426539"|"66294032"
"H3"||"H"||3||64|||152|||88||0|0|0|0|0|2|95|100|100|90|100|100|72|85|100|32|45|80||53.9|||1.2|||7.9|||14.3|||19.6|||10.9|||17.1||||||||18|29|40||||0|0|0||||1.35|1.48|1.6|||||1.69|||0.01|2|4|0.12|0.15|0.18|||||25.6|||18|||42||3|4.5|5.9|23|33|43|6|12|17|0|2|14|".24"|".24"|0|0|0|0|0|0|0|0|0|0|0|0|4.5|7.2|10|3.4|5.4|7.5|1|2.4|4.4|3.6|4.6|5.5|||||||||||||||||||||||||||||||||"22426539"|"66294033"
"H1"||"H"||1||0|||25|||25||0|0|0|0|0|0|100|100|100|98|100|100|60|90|100|30|68|90||44.3|||4.3|||5.9|||7.9|||13.7|||12.5|||40.7||||||||7|15|27||||2|4|6||||1.25|1.3|1.35|||||1.36|||14|28|42|0.1|0.13|0.15|||||28|||12.7|||47||0|1.5|2.9|13|20|31|0|4|10|0|0|8|".24"|".24"|0|0|0|0|0|0|0|0|0|0|0|0|6.2|12.8|20.3|4.7|9.6|15.2|1|2.4|4.4|3.6|4.6|5.5|||||||||||||||||||||||||||||||||"22426538"|"66294028"
"H3"||"H"||3||112|||152|||40||0|0|0|0|0|0|100|100|100|98|100|100|50|78|100|5|48|95||52|||3.9|||4.5|||11.2|||19|||13.4|||33||||||||2|15|60||||0|0.5|1||||1.25|1.38|1.5|||||1.57|||4|9|14|0.1|0.16|0.22|||||19.6|||10|||45||3|4.5|5.9|9|20|61|0|4|27|0|0|31|".37"|".37"|0|0|0|0|0|0|0|0|0|0|0|0|0.3|4.9|17.2|0.2|3.7|12.9|1|2.4|4.4|3.6|4.6|5.5|||||||||||||||||||||||||||||||||"22426538"|"66294030"
"H2"||"H"||2||25|||112|||87||0|0|0|0|0|0|100|100|100|98|100|100|60|90|100|30|68|95||32|||3|||4.2|||5.6|||10|||9.2|||48||||||||12|20|40||||0|0.5|1||||1.25|1.38|1.5|||||1.57|||4|9|14|0.1|0.16|0.22|||||27.2|||11.7|||45||3|4.5|5.9|18|25|43|3|7|17|0|2|18|".43"|".43"|0|0|0|0|0|0|0|0|0|0|0|0|3|6.1|12.2|2.2|4.6|9.2|1|2.4|4.4|3.6|4.6|5.5|||||||||||||||||||||||||||||||||"22426538"|"66294029"
"H2"||"H"||2||23|||152|||129||0|0|0|0|0|0|100|100|100|98|100|100|59|85|100|29|45|80||65|||1.5|||9.5|||17.2|||23.6|||13.2|||8.5||||||||12|26.5|40||||0|0|0||||1.3|1.4|1.5|||||1.46|||4|9|14|0.14|0.16|0.18|||||24|||15.6|||45||0|1.5|2.9|18|31|43|3|10|17|0|1|14|".17"|".17"|0|0|0|0|0|0|0|0|0|0|0|0|3|6.8|10|2.2|5.1|7.5|1|2.4|4.4|4.5|5|5.5|||||||||||||||||||||||||||||||||"22426537"|"66294027"
"H1"||"H"||1||0|||23|||23||0|0|0|0|0|0|100|100|100|98|100|100|69|90|100|39|68|90||45|||4.4|||6|||8|||13.9|||12.7|||39||||||||5|16|27||||2|3|5||||1.3|1.4|1.5|||||1.46|||4|9|14|0.14|0.17|0.2|||||28.2|||12.9|||43||0|1.5|2.9|12|21|31|0|5|10|0|0|8|".32"|".32"|0|0|0|0|0|0|0|0|0|0|0|0|5.8|10.8|18.1|4.3|8.1|13.5|1|2.4|4.4|4.5|5.3|6|||||||||||||||||||||||||||||||||"22426537"|"66294026"
"H2"||"H"||2||23|||152|||129||0|0|0|0|0|0|100|100|100|98|100|100|59|85|100|29|45|80||65|||1.5|||9.5|||17.2|||23.6|||13.2|||8.5||||||||12|26.5|40||||0|0|0||||1.3|1.4|1.5|||||1.46|||4|9|14|0.14|0.16|0.18|||||24|||15.6|||45||0|1.5|2.9|18|31|43|3|10|17|0|1|14|".17"|".17"|0|0|0|0|0|0|0|0|0|0|0|0|3|6.8|10|2.2|5.1|7.5|1|2.4|4.4|4.5|5|5.5|||||||||||||||||||||||||||||||||"22426536"|"66294025"
"H1"||"H"||1||0|||23|||23||0|0|0|0|0|0|100|100|100|98|100|100|69|90|100|39|68|90||45|||4.4|||6|||8|||13.9|||12.7|||39||||||||5|16|27||||2|3|5||||1.3|1.4|1.5|||||1.46|||4|9|14|0.14|0.17|0.2|||||28.2|||12.9|||43||0|1.5|2.9|12|21|31|0|5|10|0|0|8|".32"|".32"|0|0|0|0|0|0|0|0|0|0|0|0|5.8|10.8|18.1|4.3|8.1|13.5|1|2.4|4.4|4.5|5.3|6|||||||||||||||||||||||||||||||||"22426536"|"66294024"
"H1"||"H"||1||0|||41|||41||0|0|0|0|0|0|95|100|100|90|100|100|45|63|85|14|23|45||83.8|||1.1|||12.1|||26.5|||31.9|||12.2|||9.2||||||||2|7|12||||0.5|0.75|1||||1.25|1.35|1.45|||||1.41|||42|92|141|0.06|0.08|0.1||20.2|||14.6|||5.2|||46||0|1.5|2.9|9|13|18|0|0|3|0|0|0|".10"|".10"|0|0|0|0|0|0|0|0|0|0|0|0|1.6|3.4|5.2|1|2.6|3.9|1|2.4|4.4|3.6|4.6|5.5|||||||||||||||||||||||||||||||||"22426535"|"66294021"
"H3"||"H"||3||91|||152|||61||0|0|0|0|0|0|50|100|100|35|100|100|18|60|70|2|10|15||90|||0.6|||12.3|||34.9|||35.5|||6.7|||6||||||||2|4|18||||0|0|0||||1.25|1.38|1.5|||||1.44|||14|78|141|0.04|0.07|0.1||12.8|||8.6|||2.4|||46||0|1.5|2.9|9|11|23|0|0|6|0|0|0|".10"|".10"|0|0|0|0|0|0|0|0|0|0|0|0|0.3|0.9|4.5|0.2|0.7|3.4|1|2.4|4.4|3.6|5.1|6.5|||||||||||||||||||||||||||||||||"22426535"|"66294023"
"H2"||"H"||2||41|||91|||50||0|0|0|0|0|0|85|100|100|80|100|100|48|65|90|24|35|55||67.4|||4.4|||14.4|||17.9|||20|||10.7|||19.6||||||||8|13|30||||0|0|0||||1.25|1.35|1.45|||||1.41|||14|28|42|0.1|0.13|0.15|||||17.1|||7.4|||47||0|1.5|2.9|14|19|34|1|4|12|0|0|4|".24"|".24"|0|0|0|0|0|0|0|0|0|0|0|0|2|3.2|7.5|1.5|2.4|5.6|1|2.4|4.4|3.6|4.8|6|||||||||||||||||||||||||||||||||"22426535"|"66294022"
"H1"||"H"||1||0|||28|||28||0|0|0|0|0|0|100|100|100|100|100|100|95|97.5|100|85|90|95||16.4|||1.2|||1.8|||2.6|||5.2|||5.6|||45.6||||||||30|38|60||||5|15|25||||1.2|1.3|1.4|||||1.61|||0.42|1|1.4|0.02|0.04|0.06|||||39.9|||36.3|||42||6|7.5|8.9|34|48|61|12|20|27|9|20|31|".32"|".32"|0|0|0|0|0|0|5|15|25|2|9|16|12|45|71.3|9|33.8|53.5|1|9.2|21.4|6.1|7.3|8.4|||||||||||||||||||||||||||||||||"22426534"|"66294019"
"H2"||"H"||2||28|||152|||124||0|0|0|0|0|0|100|100|100|100|100|100|85|97.5|100|45|92.5|95||5.5|||0.2|||0.3|||0.6|||1.7|||2.7|||44.5||||||||35|50|60||||0|0|0||||1.3|1.45|1.6|||||1.8|||0.01|0.2|0.42|0.02|0.04|0.06|||||33.4|||27.3|||43||6|7.5|8.9|38|50|61|14|21|27|3|22|31|".32"|".32"|0|0|0|0|0|0|2|5|10|2|9|16|8.8|12|15|6.6|9|11.2|1|2.4|4.4|6.1|7.3|8.4|||||||||||||||||||||||||||||||||"22426534"|"66294020"
"Oa"||"O"||||0|||38|||38||0|0|0|0|0|0|100|100|100|100|100|100||||||||||||||||||||||||||||||||||||||||20|42.5|65||||0.1|0.35|0.6|||||0.37|||4|9|14|0.22|0.24|0.26|||||35.2|||14.9|||||0|1.5|2.9||||||||||||0|0|0|0|0|0|20|30|50|2|9|16|45|95.6|146.3|33.4|71.7|109.7|4.5|19.1|43.9|5|7|8.4|4.8|6.8|8||||||||||||||||||||||||||||||"22426533"|"66294018"
"H2"||"H"||4||38|||152|||114||0|0|0|0|0|0|100|100|100|100|100|100|48|97.5|100|14|90|95||10|||0.1|||0.2|||0.7|||2.9|||6.1|||55||||||||5|35|60||||0|1|2||||1.2|1.35|1.5|||||1.41|||4|9|14|0.08|0.14|0.2|||||33|||20.1|||46||0|1.5|2.9|12|38|61|0|14|27|0|13|31|".37"|".37"|0|0|0|0|0|0|20|40|50|2|9|16|1.2|11|19.5|0.9|8.2|14.6|0.1|2.2|5.8|5.1|7|8.4|||||||||||||||||||||||||||||||||"22426533"|"66294017"
"H2"||"H"||2||10|||178|||168||0|0|0|0|0|0|90|100|100|80|100|100|72|95|100|56|75|95||31.9|||2.9|||3.4|||6.1|||10.8|||8.7|||31.1||||||||30|37|60||||0|0|0||||1.3|1.4|1.5|||||1.74|||0.01|0.2|0.42|0.1|0.14|0.17|||||33.9|||21.8|||45||6|7.5|8.9|34|40|61|12|16|27|7|11|31|".32"|".32"|0|0|0|0|0|0|0|0|0|0|0|0|7.5|9.2|15|5.6|6.9|11.2|1|2.4|4.4|3.6|4.6|5.5|||||||||||||||||||||||||||||||||"22426532"|"66294016"
"H1"||"H"||1||0|||10|||10||0|0|0|0|0|0|90|100|100|75|100|100|64|95|100|60|80|90||29.1|||2.4|||3.4|||4.8|||9.1|||9.4|||53.4||||||||10|17.5|25||||0.5|1.25|2||||1.2|1.25|1.3|||||1.31|||4|9|14|0.1|0.14|0.17|||||26|||10.2|||50||0|1.5|2.9|16|23|30|2|6|10|0|2|8|".55"|".55"|0|0|0|0|0|0|0|0|0|0|0|0|3.6|7.3|10.8|2.7|5.5|8.1|1|2.4|4.4|3.6|4.6|5.5|||||||||||||||||||||||||||||||||"22426532"|"66294015"
"H2"||"H"||2||23|||152|||129||0|0|0|0|0|0|100|100|100|98|100|100|59|85|100|29|45|80||65|||1.5|||9.5|||17.2|||23.6|||13.2|||8.5||||||||12|26.5|40||||0|0|0||||1.3|1.4|1.5|||||1.46|||4|9|14|0.14|0.16|0.18|||||24|||15.6|||45||0|1.5|2.9|18|31|43|3|10|17|0|1|14|".17"|".17"|0|0|0|0|0|0|0|0|0|0|0|0|3|6.8|10|2.2|5.1|7.5|1|2.4|4.4|4.5|5|5.5|||||||||||||||||||||||||||||||||"22426531"|"66294014"
"H1"||"H"||1||0|||23|||23||0|0|0|0|0|0|100|100|100|98|100|100|69|90|100|39|68|90||45|||4.4|||6|||8|||13.9|||12.7|||39||||||||5|16|27||||2|3|5||||1.3|1.4|1.5|||||1.46|||4|9|14|0.14|0.17|0.2|||||28.2|||12.9|||43||0|1.5|2.9|12|21|31|0|5|10|0|0|8|".32"|".32"|0|0|0|0|0|0|0|0|0|0|0|0|5.8|10.8|18.1|4.3|8.1|13.5|1|2.4|4.4|4.5|5.3|6|||||||||||||||||||||||||||||||||"22426531"|"66294013"
"H3"||"H"||3||64|||152|||88||0|0|0|0|0|2|95|100|100|90|100|100|72|85|100|32|45|80||53.9|||1.2|||7.9|||14.3|||19.6|||10.9|||17.1||||||||18|29|40||||0|0|0||||1.35|1.48|1.6|||||1.69|||0.01|2|4|0.12|0.15|0.18|||||25.6|||18|||42||3|4.5|5.9|23|33|43|6|12|17|0|2|14|".24"|".24"|0|0|0|0|0|0|0|0|0|0|0|0|4.5|7.2|10|3.4|5.4|7.5|1|2.4|4.4|3.6|4.6|5.5|||||||||||||||||||||||||||||||||"22426530"|"66294012"
"H1"||"H"||1||0|||33|||33||0|0|0|0|0|3|95|100|100|90|100|100|70|78|85|28|48|55||70.5|||0.1|||3.3|||16|||33.8|||17.3|||16.5||||||||5|13|20||||0.5|1.25|2||||1.3|1.38|1.45|||||1.44|||14|28|42|0.1|0.12|0.14|||||19.3|||9.7|||45||0|1.5|2.9|12|19|25|0|4|7|0|0|1|".28"|".28"|0|0|0|0|0|0|0|0|0|0|0|0|2.4|6.1|9.5|1.8|4.6|7.1|1|2.4|4.4|3.6|4.6|5.5|||||||||||||||||||||||||||||||||"22426530"|"66294010"
"H2"||"H"||2||33|||64|||31||0|0|0|0|0|2|95|100|100|90|100|100|54|90|100|27|53|80||58.7|||3.7|||5.5|||14.1|||21.9|||13.5|||17.8||||||||12|23.5|35||||0|0|0||||1.3|1.38|1.45|||||1.44|||4|9|14|0.1|0.14|0.18|||||22.6|||13.6|||46||0|1.5|2.9|18|28|38|3|9|14|0|2|11|".28"|".28"|0|0|0|0|0|0|0|0|0|0|0|0|3|6|8.8|2.2|4.5|6.6|1|2.4|4.4|3.6|4.6|5.5|||||||||||||||||||||||||||||||||"22426530"|"66294011"
"H1"||"H"||1||0|||25|||25||0|0|0|0|0|0|100|100|100|98|100|100|60|90|100|30|68|90||44.3|||4.3|||5.9|||7.9|||13.7|||12.5|||40.7||||||||7|15|27||||2|4|6||||1.25|1.3|1.35|||||1.36|||14|28|42|0.1|0.13|0.15|||||28|||12.7|||47||0|1.5|2.9|13|20|31|0|4|10|0|0|8|".24"|".24"|0|0|0|0|0|0|0|0|0|0|0|0|6.2|12.8|20.3|4.7|9.6|15.2|1|2.4|4.4|3.6|4.6|5.5|||||||||||||||||||||||||||||||||"22426508"|"66293958"
"H3"||"H"||3||112|||152|||40||0|0|0|0|0|0|100|100|100|98|100|100|50|78|100|5|48|95||52|||3.9|||4.5|||11.2|||19|||13.4|||33||||||||2|15|60||||0|0.5|1||||1.25|1.38|1.5|||||1.57|||4|9|14|0.1|0.16|0.22|||||19.6|||10|||45||3|4.5|5.9|9|20|61|0|4|27|0|0|31|".37"|".37"|0|0|0|0|0|0|0|0|0|0|0|0|0.3|4.9|17.2|0.2|3.7|12.9|1|2.4|4.4|3.6|4.6|5.5|||||||||||||||||||||||||||||||||"22426508"|"66293960"
"H2"||"H"||2||25|||112|||87||0|0|0|0|0|0|100|100|100|98|100|100|60|90|100|30|68|95||32|||3|||4.2|||5.6|||10|||9.2|||48||||||||12|20|40||||0|0.5|1||||1.25|1.38|1.5|||||1.57|||4|9|14|0.1|0.16|0.22|||||27.2|||11.7|||45||3|4.5|5.9|18|25|43|3|7|17|0|2|18|".43"|".43"|0|0|0|0|0|0|0|0|0|0|0|0|3|6.1|12.2|2.2|4.6|9.2|1|2.4|4.4|3.6|4.6|5.5|||||||||||||||||||||||||||||||||"22426508"|"66293959"
"H2"||"H"||2||23|||152|||129||0|0|0|0|0|0|100|100|100|98|100|100|59|85|100|29|45|80||65|||1.5|||9.5|||17.2|||23.6|||13.2|||8.5||||||||12|26.5|40||||0|0|0||||1.3|1.4|1.5|||||1.46|||4|9|14|0.14|0.16|0.18|||||24|||15.6|||45||0|1.5|2.9|18|31|43|3|10|17|0|1|14|".17"|".17"|0|0|0|0|0|0|0|0|0|0|0|0|3|6.8|10|2.2|5.1|7.5|1|2.4|4.4|4.5|5|5.5|||||||||||||||||||||||||||||||||"22426507"|"66293957"
"H1"||"H"||1||0|||23|||23||0|0|0|0|0|0|100|100|100|98|100|100|69|90|100|39|68|90||45|||4.4|||6|||8|||13.9|||12.7|||39||||||||5|16|27||||2|3|5||||1.3|1.4|1.5|||||1.46|||4|9|14|0.14|0.17|0.2|||||28.2|||12.9|||43||0|1.5|2.9|12|21|31|0|5|10|0|0|8|".32"|".32"|0|0|0|0|0|0|0|0|0|0|0|0|5.8|10.8|18.1|4.3|8.1|13.5|1|2.4|4.4|4.5|5.3|6|||||||||||||||||||||||||||||||||"22426507"|"66293956"
"H2"||"H"||2||5|||178|||173||0|0|0|0|0|0|90|100|100|80|100|100|72|95|100|56|75|95||31.9|||2.9|||3.4|||6.1|||10.8|||8.7|||31.1||||||||30|37|60||||0|0|0||||1.3|1.4|1.5|||||1.74|||0.01|0.2|0.42|0.1|0.14|0.17|||||33.9|||21.8|||45||6|7.5|8.9|34|40|61|12|16|27|7|11|31|".32"|".32"|0|0|0|0|0|0|0|0|0|0|0|0|7.5|9.2|15|5.6|6.9|11.2|1|2.4|4.4|3.6|4.6|5.5|||||||||||||||||||||||||||||||||"22426506"|"66293955"
"H1"||"H"||1||0|||5|||5||0|0|0|0|0|0|90|100|100|80|100|100|68|95|100|48|75|90||33.5|||3|||4.2|||5.8|||10.5|||10|||36.5||||||||10|30|40||||0.5|0.75|1||||1.25|1.3|1.35|||||1.48|||1.4|2|4|0.12|0.15|0.19|||||31.2|||17.2|||48||3|4.5|5.9|16|34|43|2|12|17|0|8|17|".37"|".37"|0|0|0|0|0|0|0|0|0|0|0|0|3.6|9.2|12.2|2.7|6.9|9.2|1|2.4|4.4|3.6|4.6|5.5|||||||||||||||||||||||||||||||||"22426506"|"66293954"
"H2"||"H"||2||10|||178|||168||0|0|0|0|0|0|90|100|100|80|100|100|72|95|100|56|75|95||31.9|||2.9|||3.4|||6.1|||10.8|||8.7|||31.1||||||||30|37|60||||0|0|0||||1.3|1.4|1.5|||||1.74|||0.01|0.2|0.42|0.1|0.14|0.17|||||33.9|||21.8|||45||6|7.5|8.9|34|40|61|12|16|27|7|11|31|".32"|".32"|0|0|0|0|0|0|0|0|0|0|0|0|7.5|9.2|15|5.6|6.9|11.2|1|2.4|4.4|3.6|4.6|5.5|||||||||||||||||||||||||||||||||"22426470"|"66293863"
"H1"||"H"||1||0|||10|||10||0|0|0|0|0|0|90|100|100|75|100|100|64|95|100|60|80|90||29.1|||2.4|||3.4|||4.8|||9.1|||9.4|||53.4||||||||10|17.5|25||||0.5|1.25|2||||1.2|1.25|1.3|||||1.31|||4|9|14|0.1|0.14|0.17|||||26|||10.2|||50||0|1.5|2.9|16|23|30|2|6|10|0|2|8|".55"|".55"|0|0|0|0|0|0|0|0|0|0|0|0|3.6|7.3|10.8|2.7|5.5|8.1|1|2.4|4.4|3.6|4.6|5.5|||||||||||||||||||||||||||||||||"22426470"|"66293862"
"H1"||"H"||1||0|||25|||25||0|0|0|0|0|0|100|100|100|98|100|100|60|90|100|30|68|90||44.3|||4.3|||5.9|||7.9|||13.7|||12.5|||40.7||||||||7|15|27||||2|4|6||||1.25|1.3|1.35|||||1.36|||14|28|42|0.1|0.13|0.15|||||28|||12.7|||47||0|1.5|2.9|13|20|31|0|4|10|0|0|8|".24"|".24"|0|0|0|0|0|0|0|0|0|0|0|0|6.2|12.8|20.3|4.7|9.6|15.2|1|2.4|4.4|3.6|4.6|5.5|||||||||||||||||||||||||||||||||"22426469"|"66293859"
"H3"||"H"||3||112|||152|||40||0|0|0|0|0|0|100|100|100|98|100|100|50|78|100|5|48|95||52|||3.9|||4.5|||11.2|||19|||13.4|||33||||||||2|15|60||||0|0.5|1||||1.25|1.38|1.5|||||1.57|||4|9|14|0.1|0.16|0.22|||||19.6|||10|||45||3|4.5|5.9|9|20|61|0|4|27|0|0|31|".37"|".37"|0|0|0|0|0|0|0|0|0|0|0|0|0.3|4.9|17.2|0.2|3.7|12.9|1|2.4|4.4|3.6|4.6|5.5|||||||||||||||||||||||||||||||||"22426469"|"66293861"
"H2"||"H"||2||25|||112|||87||0|0|0|0|0|0|100|100|100|98|100|100|60|90|100|30|68|95||32|||3|||4.2|||5.6|||10|||9.2|||48||||||||12|20|40||||0|0.5|1||||1.25|1.38|1.5|||||1.57|||4|9|14|0.1|0.16|0.22|||||27.2|||11.7|||45||3|4.5|5.9|18|25|43|3|7|17|0|2|18|".43"|".43"|0|0|0|0|0|0|0|0|0|0|0|0|3|6.1|12.2|2.2|4.6|9.2|1|2.4|4.4|3.6|4.6|5.5|||||||||||||||||||||||||||||||||"22426469"|"66293860"
"H2"||"H"||2||23|||152|||129||0|0|0|0|0|0|100|100|100|98|100|100|59|85|100|29|45|80||65|||1.5|||9.5|||17.2|||23.6|||13.2|||8.5||||||||12|26.5|40||||0|0|0||||1.3|1.4|1.5|||||1.46|||4|9|14|0.14|0.16|0.18|||||24|||15.6|||45||0|1.5|2.9|18|31|43|3|10|17|0|1|14|".17"|".17"|0|0|0|0|0|0|0|0|0|0|0|0|3|6.8|10|2.2|5.1|7.5|1|2.4|4.4|4.5|5|5.5|||||||||||||||||||||||||||||||||"22426505"|"66293953"
"H1"||"H"||1||0|||23|||23||0|0|0|0|0|0|100|100|100|98|100|100|69|90|100|39|68|90||45|||4.4|||6|||8|||13.9|||12.7|||39||||||||5|16|27||||2|3|5||||1.3|1.4|1.5|||||1.46|||4|9|14|0.14|0.17|0.2|||||28.2|||12.9|||43||0|1.5|2.9|12|21|31|0|5|10|0|0|8|".32"|".32"|0|0|0|0|0|0|0|0|0|0|0|0|5.8|10.8|18.1|4.3|8.1|13.5|1|2.4|4.4|4.5|5.3|6|||||||||||||||||||||||||||||||||"22426505"|"66293952"
"H1"||"H"||1||0|||25|||25||0|0|0|0|0|0|100|100|100|98|100|100|60|90|100|30|68|90||44.3|||4.3|||5.9|||7.9|||13.7|||12.5|||40.7||||||||7|15|27||||2|4|6||||1.25|1.3|1.35|||||1.36|||14|28|42|0.1|0.13|0.15|||||28|||12.7|||47||0|1.5|2.9|13|20|31|0|4|10|0|0|8|".24"|".24"|0|0|0|0|0|0|0|0|0|0|0|0|6.2|12.8|20.3|4.7|9.6|15.2|1|2.4|4.4|3.6|4.6|5.5|||||||||||||||||||||||||||||||||"22426504"|"66293949"
"H3"||"H"||3||112|||152|||40||0|0|0|0|0|0|100|100|100|98|100|100|50|78|100|5|48|95||52|||3.9|||4.5|||11.2|||19|||13.4|||33||||||||2|15|60||||0|0.5|1||||1.25|1.38|1.5|||||1.57|||4|9|14|0.1|0.16|0.22|||||19.6|||10|||45||3|4.5|5.9|9|20|61|0|4|27|0|0|31|".37"|".37"|0|0|0|0|0|0|0|0|0|0|0|0|0.3|4.9|17.2|0.2|3.7|12.9|1|2.4|4.4|3.6|4.6|5.5|||||||||||||||||||||||||||||||||"22426504"|"66293951"
"H2"||"H"||2||25|||112|||87||0|0|0|0|0|0|100|100|100|98|100|100|60|90|100|30|68|95||32|||3|||4.2|||5.6|||10|||9.2|||48||||||||12|20|40||||0|0.5|1||||1.25|1.38|1.5|||||1.57|||4|9|14|0.1|0.16|0.22|||||27.2|||11.7|||45||3|4.5|5.9|18|25|43|3|7|17|0|2|18|".43"|".43"|0|0|0|0|0|0|0|0|0|0|0|0|3|6.1|12.2|2.2|4.6|9.2|1|2.4|4.4|3.6|4.6|5.5|||||||||||||||||||||||||||||||||"22426504"|"66293950"
"H2"||"H"||2||10|||178|||168||0|0|0|0|0|0|90|100|100|80|100|100|72|95|100|56|75|95||31.9|||2.9|||3.4|||6.1|||10.8|||8.7|||31.1||||||||30|37|60||||0|0|0||||1.3|1.4|1.5|||||1.74|||0.01|0.2|0.42|0.1|0.14|0.17|||||33.9|||21.8|||45||6|7.5|8.9|34|40|61|12|16|27|7|11|31|".32"|".32"|0|0|0|0|0|0|0|0|0|0|0|0|7.5|9.2|15|5.6|6.9|11.2|1|2.4|4.4|3.6|4.6|5.5|||||||||||||||||||||||||||||||||"22426503"|"66293947"
"H1"||"H"||1||0|||10|||10||0|0|0|0|0|0|90|100|100|75|100|100|64|95|100|60|80|90||29.1|||2.4|||3.4|||4.8|||9.1|||9.4|||53.4||||||||10|17.5|25||||0.5|1.25|2||||1.2|1.25|1.3|||||1.31|||4|9|14|0.1|0.14|0.17|||||26|||10.2|||50||0|1.5|2.9|16|23|30|2|6|10|0|2|8|".55"|".55"|0|0|0|0|0|0|0|0|0|0|0|0|3.6|7.3|10.8|2.7|5.5|8.1|1|2.4|4.4|3.6|4.6|5.5|||||||||||||||||||||||||||||||||"22426503"|"66293948"
"H2"||"H"||2||23|||152|||129||0|0|0|0|0|0|100|100|100|98|100|100|59|85|100|29|45|80||65|||1.5|||9.5|||17.2|||23.6|||13.2|||8.5||||||||12|26.5|40||||0|0|0||||1.3|1.4|1.5|||||1.46|||4|9|14|0.14|0.16|0.18|||||24|||15.6|||45||0|1.5|2.9|18|31|43|3|10|17|0|1|14|".17"|".17"|0|0|0|0|0|0|0|0|0|0|0|0|3|6.8|10|2.2|5.1|7.5|1|2.4|4.4|4.5|5|5.5|||||||||||||||||||||||||||||||||"22426468"|"66293858"
"H1"||"H"||1||0|||23|||23||0|0|0|0|0|0|100|100|100|98|100|100|69|90|100|39|68|90||45|||4.4|||6|||8|||13.9|||12.7|||39||||||||5|16|27||||2|3|5||||1.3|1.4|1.5|||||1.46|||4|9|14|0.14|0.17|0.2|||||28.2|||12.9|||43||0|1.5|2.9|12|21|31|0|5|10|0|0|8|".32"|".32"|0|0|0|0|0|0|0|0|0|0|0|0|5.8|10.8|18.1|4.3|8.1|13.5|1|2.4|4.4|4.5|5.3|6|||||||||||||||||||||||||||||||||"22426468"|"66293857"
"H2"||"H"||2||10|||178|||168||0|0|0|0|0|0|90|100|100|80|100|100|72|95|100|56|75|95||31.9|||2.9|||3.4|||6.1|||10.8|||8.7|||31.1||||||||30|37|60||||0|0|0||||1.3|1.4|1.5|||||1.74|||0.01|0.2|0.42|0.1|0.14|0.17|||||33.9|||21.8|||45||6|7.5|8.9|34|40|61|12|16|27|7|11|31|".32"|".32"|0|0|0|0|0|0|0|0|0|0|0|0|7.5|9.2|15|5.6|6.9|11.2|1|2.4|4.4|3.6|4.6|5.5|||||||||||||||||||||||||||||||||"22426467"|"66293856"
"H1"||"H"||1||0|||10|||10||0|0|0|0|0|0|90|100|100|75|100|100|64|95|100|60|80|90||29.1|||2.4|||3.4|||4.8|||9.1|||9.4|||53.4||||||||10|17.5|25||||0.5|1.25|2||||1.2|1.25|1.3|||||1.31|||4|9|14|0.1|0.14|0.17|||||26|||10.2|||50||0|1.5|2.9|16|23|30|2|6|10|0|2|8|".55"|".55"|0|0|0|0|0|0|0|0|0|0|0|0|3.6|7.3|10.8|2.7|5.5|8.1|1|2.4|4.4|3.6|4.6|5.5|||||||||||||||||||||||||||||||||"22426467"|"66293855"
"H2"||"H"||2||5|||165|||160||0|0|0|0|0|0|95|100|100|90|100|100|90|97.5|100|70|90|95||7.2|||0.2|||0.4|||0.8|||2.3|||3.5|||47.8||||||||27|45|60||||0|0|0||||1.25|1.4|1.5|||||1.74|||0.01|0.2|0.42|0.1|0.16|0.19|||||31.9|||24.3|||45||6|7.5|8.9|31|48|61|10|20|27|5|20|31|".37"|".37"|0|0|0|0|0|0|0|0|0|0|0|0|6.8|11.2|15|5.1|8.4|11.2|1|2.4|4.4|3.6|4.6|5.5|||||||||||||||||||||||||||||||||"22426466"|"66293854"
"H1"||"H"||1||0|||5|||5||0|0|0|0|0|0|95|100|100|90|100|100|76|100|100|54|95|100||29.1|||2.4|||3.4|||4.8|||9.1|||9.4|||53.4||||||||10|17.5|25||||0.5|1.25|2||||1.2|1.25|1.3|||||1.31|||4|9|14|0.1|0.14|0.17|||||26|||10.2|||50||0|1.5|2.9|16|23|30|2|6|10|0|3|9|".55"|".55"|0|0|0|0|0|0|0|0|0|0|0|0|3.6|7.3|10.8|2.7|5.5|8.1|1|2.4|4.4|3.6|4.6|5.5|||||||||||||||||||||||||||||||||"22426466"|"66293853"
"H1"||"H"||1||0|||25|||25||0|0|0|0|0|0|100|100|100|98|100|100|60|90|100|30|68|90||44.3|||4.3|||5.9|||7.9|||13.7|||12.5|||40.7||||||||7|15|27||||2|4|6||||1.25|1.3|1.35|||||1.36|||14|28|42|0.1|0.13|0.15|||||28|||12.7|||47||0|1.5|2.9|13|20|31|0|4|10|0|0|8|".24"|".24"|0|0|0|0|0|0|0|0|0|0|0|0|6.2|12.8|20.3|4.7|9.6|15.2|1|2.4|4.4|3.6|4.6|5.5|||||||||||||||||||||||||||||||||"22426484"|"66293900"
"H3"||"H"||3||112|||152|||40||0|0|0|0|0|0|100|100|100|98|100|100|50|78|100|5|48|95||52|||3.9|||4.5|||11.2|||19|||13.4|||33||||||||2|15|60||||0|0.5|1||||1.25|1.38|1.5|||||1.57|||4|9|14|0.1|0.16|0.22|||||19.6|||10|||45||3|4.5|5.9|9|20|61|0|4|27|0|0|31|".37"|".37"|0|0|0|0|0|0|0|0|0|0|0|0|0.3|4.9|17.2|0.2|3.7|12.9|1|2.4|4.4|3.6|4.6|5.5|||||||||||||||||||||||||||||||||"22426484"|"66293902"
"H2"||"H"||2||25|||112|||87||0|0|0|0|0|0|100|100|100|98|100|100|60|90|100|30|68|95||32|||3|||4.2|||5.6|||10|||9.2|||48||||||||12|20|40||||0|0.5|1||||1.25|1.38|1.5|||||1.57|||4|9|14|0.1|0.16|0.22|||||27.2|||11.7|||45||3|4.5|5.9|18|25|43|3|7|17|0|2|18|".43"|".43"|0|0|0|0|0|0|0|0|0|0|0|0|3|6.1|12.2|2.2|4.6|9.2|1|2.4|4.4|3.6|4.6|5.5|||||||||||||||||||||||||||||||||"22426484"|"66293901"
"H1"||"H"||1||0|||71|||71||0|0|0|0|0|0|90|100|100|80|100|100|50|63|85|15|23|45||83|||1.1|||12|||26.2|||31.6|||12.1|||9||||||||1|8|12||||0.5|0.75|1||||1.2|1.35|1.5|||||1.41|||42|92|141|0.06|0.08|0.1||20.8|||15.4|||5.8|||46||0|1.5|2.9|8|14|18|0|1|3|0|0|0|".10"|".10"|0|0|0|0|0|0|0|0|0|0|0|0|1.4|3.7|5.2|0.8|2.8|3.9|1|2.4|4.4|3.6|4.8|6|||||||||||||||||||||||||||||||||"22426483"|"66293897"
"H2"||"H"||2||71|||132|||61||0|0|0|0|0|0|100|100|100|98|100|100|60|85|95|30|45|75||57|||1.3|||8.4|||15.1|||20.7|||11.5|||18||||||||8|25|35||||0|0|0||||1.2|1.28|1.35|||||1.34|||4|23|42|0.1|0.14|0.17|||||22.4|||13.4|||49||0|1.5|2.9|14|30|38|1|10|14|0|1|10|".20"|".20"|0|0|0|0|0|0|0|0|0|0|0|0|2|6.2|8.8|1.5|4.7|6.6|1|2.4|4.4|3.6|4.8|6|||||||||||||||||||||||||||||||||"22426483"|"66293898"
"H3"||"H"||3||132|||152|||20||0|0|0|0|0|0|95|100|100|95|100|100|48|63|70|5|23|40||77|||1|||11.1|||24.3|||29.3|||11.3|||16||||||||2|7|12||||0|0|0||||1.35|1.45|1.55|||||1.52|||42|92|141|0.04|0.07|0.1||19.4|||13.8|||4.6|||43||0|1.5|2.9|9|13|18|0|0|3|0|0|0|".20"|".20"|0|0|0|0|0|0|0|0|0|0|0|0|0.3|1.8|3|0.2|1.3|2.2|1|2.4|4.4|3.6|4.8|6|||||||||||||||||||||||||||||||||"22426483"|"66293899"
"H3"||"H"||3||145|||162|||17||0|0|0|0|0|2|70|100|100|55|100|100|50|85|90|15|45|55||57|||1.3|||8.4|||15.1|||20.7|||11.5|||18||||||||10|25|35||||0|0|0||||1.3|1.4|1.5|||||1.46|||4|23|42|0.06|0.09|0.12|||||23.4|||14.7|||45||0|1.5|2.9|16|30|38|2|10|14|0|1|5|".20"|".20"|0|0|0|0|0|0|0|0|0|0|0|0|2.5|6.2|8.8|1.9|4.7|6.6|1|2.4|4.4|3.6|4.8|6|||||||||||||||||||||||||||||||||"22426482"|"66293896"
"H2"||"H"||2||10|||145|||135||0|0|0|0|0|0|90|100|100|90|100|100|81|95|100|70|75|95||33.3|||2.9|||4.1|||5.8|||10.5|||10|||31.7||||||||30|35|60||||0|0|0||||1.3|1.4|1.5|||||1.6|||0.42|1|1.4|0.1|0.14|0.17|||||33.3|||20.6|||45||3|4.5|5.9|34|38|61|12|14|27|7|10|31|".32"|".32"|0|0|0|0|0|0|0|0|0|0|0|0|7.5|8.8|15|5.6|6.6|11.2|1|2.4|4.4|3.6|4.8|6|||||||||||||||||||||||||||||||||"22426482"|"66293895"
"H1"||"H"||1||0|||10|||10||0|0|0|0|0|0|90|100|100|80|100|100|50|95|100|15|80|90||30.1|||2.5|||3.5|||5|||9.4|||9.7|||54.9||||||||3|15|25||||0.5|1.25|2||||1.2|1.25|1.3|||||1.31|||4|9|14|0.1|0.13|0.15|||||24.8|||9|||50||0|1.5|2.9|10|20|30|0|4|10|0|0|8|".55"|".55"|0|0|0|0|0|0|0|0|0|0|0|0|4.9|6.6|10.8|3.7|4.9|8.1|1|2.4|4.4|3.6|4.8|6|||||||||||||||||||||||||||||||||"22426482"|"66293894"
"H1"||"H"||1||0|||25|||25||0|0|0|0|0|0|100|100|100|98|100|100|60|90|100|30|68|90||44.3|||4.3|||5.9|||7.9|||13.7|||12.5|||40.7||||||||7|15|27||||2|4|6||||1.25|1.3|1.35|||||1.36|||14|28|42|0.1|0.13|0.15|||||28|||12.7|||47||0|1.5|2.9|13|20|31|0|4|10|0|0|8|".24"|".24"|0|0|0|0|0|0|0|0|0|0|0|0|6.2|12.8|20.3|4.7|9.6|15.2|1|2.4|4.4|3.6|4.6|5.5|||||||||||||||||||||||||||||||||"22426481"|"66293891"
"H3"||"H"||3||112|||152|||40||0|0|0|0|0|0|100|100|100|98|100|100|50|78|100|5|48|95||52|||3.9|||4.5|||11.2|||19|||13.4|||33||||||||2|15|60||||0|0.5|1||||1.25|1.38|1.5|||||1.57|||4|9|14|0.1|0.16|0.22|||||19.6|||10|||45||3|4.5|5.9|9|20|61|0|4|27|0|0|31|".37"|".37"|0|0|0|0|0|0|0|0|0|0|0|0|0.3|4.9|17.2|0.2|3.7|12.9|1|2.4|4.4|3.6|4.6|5.5|||||||||||||||||||||||||||||||||"22426481"|"66293893"
"H2"||"H"||2||25|||112|||87||0|0|0|0|0|0|100|100|100|98|100|100|60|90|100|30|68|95||32|||3|||4.2|||5.6|||10|||9.2|||48||||||||12|20|40||||0|0.5|1||||1.25|1.38|1.5|||||1.57|||4|9|14|0.1|0.16|0.22|||||27.2|||11.7|||45||3|4.5|5.9|18|25|43|3|7|17|0|2|18|".43"|".43"|0|0|0|0|0|0|0|0|0|0|0|0|3|6.1|12.2|2.2|4.6|9.2|1|2.4|4.4|3.6|4.6|5.5|||||||||||||||||||||||||||||||||"22426481"|"66293892"
"H1"||"H"||1||0|||25|||25||0|0|0|0|0|0|100|100|100|98|100|100|60|90|100|30|68|90||44.3|||4.3|||5.9|||7.9|||13.7|||12.5|||40.7||||||||7|15|27||||2|4|6||||1.25|1.3|1.35|||||1.36|||14|28|42|0.1|0.13|0.15|||||28|||12.7|||47||0|1.5|2.9|13|20|31|0|4|10|0|0|8|".24"|".24"|0|0|0|0|0|0|0|0|0|0|0|0|6.2|12.8|20.3|4.7|9.6|15.2|1|2.4|4.4|3.6|4.6|5.5|||||||||||||||||||||||||||||||||"22426521"|"66293990"
"H3"||"H"||3||112|||152|||40||0|0|0|0|0|0|100|100|100|98|100|100|50|78|100|5|48|95||52|||3.9|||4.5|||11.2|||19|||13.4|||33||||||||2|15|60||||0|0.5|1||||1.25|1.38|1.5|||||1.57|||4|9|14|0.1|0.16|0.22|||||19.6|||10|||45||3|4.5|5.9|9|20|61|0|4|27|0|0|31|".37"|".37"|0|0|0|0|0|0|0|0|0|0|0|0|0.3|4.9|17.2|0.2|3.7|12.9|1|2.4|4.4|3.6|4.6|5.5|||||||||||||||||||||||||||||||||"22426521"|"66293989"
"H2"||"H"||2||25|||112|||87||0|0|0|0|0|0|100|100|100|98|100|100|60|90|100|30|68|95||32|||3|||4.2|||5.6|||10|||9.2|||48||||||||12|20|40||||0|0.5|1||||1.25|1.38|1.5|||||1.57|||4|9|14|0.1|0.16|0.22|||||27.2|||11.7|||45||3|4.5|5.9|18|25|43|3|7|17|0|2|18|".43"|".43"|0|0|0|0|0|0|0|0|0|0|0|0|3|6.1|12.2|2.2|4.6|9.2|1|2.4|4.4|3.6|4.6|5.5|||||||||||||||||||||||||||||||||"22426521"|"66293991"
"H1"||"H"||1||0|||56|||56||0|0|0|0|0|0|100|100|100|100|100|100|50|60|70|5|10|15||95.5|||0.7|||13.1|||37|||37.6|||7.1|||1.5||||||||1|3|5||||0.5|2|4||||1.4|1.5|1.65|||||1.57|||42|92|141|0.02|0.03|0.05||15.4|||11.8|||4.9|||40||0|1.5|2.9|8|10|12|0|0|0|0|0|0|".02"|".02"|0|0|0|0|0|0|0|0|0|0|0|0|1.4|5.4|10.3|0.8|3.9|7.7|1|2.4|4.4|3.6|5.1|5.5|||||||||||||||||||||||||||||||||"22426520"|"66293986"
"H2"||"H"||2||56|||104|||48||0|0|0|0|0|0|100|100|100|100|100|100|50|60|80|5|10|35||97|||0.7|||13.3|||37.6|||38.2|||7.2|||0||||||||0|3|5||||0|2|3||||1.5|1.6|1.7|||||1.67|||4|23|42|0.05|0.07|0.1||15.7|||12.1|||5.3|||37||0|1.5|2.9|7|10|12|0|0|0|0|0|0|".10"|".10"|0|0|0|0|0|0|0|0|0|0|0|0|0|5.4|8|0|3.9|6|1|2.4|4.4|3.6|5.1|5.5|||||||||||||||||||||||||||||||||"22426520"|"66293987"
"H3"||"H"||3||104|||152|||48||0|0|0|0|0|0|100|100|100|100|100|100|80|90|100|3|11.5|20||93.6|||0.7|||12.8|||36.3|||36.9|||6.9|||3.4||||||||0|3|5||||0|2|3||||1.4|1.5|1.65|||||1.57|||4|23|42|0.02|0.03|0.05||15.4|||11.8|||4.9|||40||0|1.5|2.9|7|10|12|0|0|0|0|0|0|".10"|".10"|0|0|0|0|0|0|0|0|0|0|0|0|0|5.4|8|0|3.9|6|1|2.4|4.4|3.6|5.1|5.5|||||||||||||||||||||||||||||||||"22426520"|"66293988"
"H1"||"H"||1||0|||8|||8||0|0|0|0|0|0|100|100|100|100|100|100|50|73|80|5|28|35||92.7|||0|||1.4|||16.9|||57.9|||16.5|||1.3||||||||1|6|10||||0.5|0.75|1||||1.3|1.4|1.5|||||1.46|||141|141|141|0.05|0.07|0.09||15.4|||11.7|||4.9|||44||0|1.5|2.9|8|12|16|0|0|2|0|0|0|".02"|".02"|0|0|0|0|0|0|0|0|0|0|0|0|2.4|3.2|4.8|1.8|2.4|3.6|1|2.4|4.4|4.5|5|6|||||||||||||||||||||||||||||||||"22426519"|"66293984"
"H2"||"H"||2||8|||152|||144||0|0|0|0|0|0|100|100|100|100|100|100|50|78|85|15|37|45||83.5|||0|||1.9|||14.5|||44|||23.1|||9.5||||||||2|7|12||||0|0|0||||1.4|1.5|1.6|||||1.57|||141|141|141|0.05|0.07|0.09||19.6|||14|||4.7|||41||0|1.5|2.9|9|13|18|0|0|3|0|0|0|".24"|".24"|0|0|0|0|0|0|0|0|0|0|0|0|0.3|1.8|3|0.3|1.3|2.2|1|2.4|4.4|4.5|5|6|||||||||||||||||||||||||||||||||"22426519"|"66293985"
